NEW RECORDING
-1
-1
-1
-1
-1
0
-1
0
-1
-1
-1
-1
-1
-1
-1
-1
-1
-1
0
-1
-1
-1
-1
-1
0
-1
-1
-1
-1
-1
-1
0
0
-1
-1
0
NEW RECORDING
-1
0
NEW RECORDING
-1
NEW RECORDING
42
42
42
42
42
42
42
42
42
42
42
42
42
42
42
42
42
42
42
42
42
42
41
41
40
39
38
36
34
33
32
31
31
30
30
29
28
27
25
24
23
23
22
22
21
21
21
20
20
20
20
20
20
20
20
20
21
21
21
21
21
21
21
21
21
22
22
22
22
23
23
23
24
24
24
24
25
25
25
26
26
26
27
27
27
27
28
28
29
29
29
30
30
30
31
31
32
32
32
33
33
33
34
34
34
35
35
35
36
36
36
37
37
38
38
38
39
39
39
39
39
40
40
40
41
41
41
41
41
42
42
42
42
43
43
43
43
43
43
43
43
43
44
44
44
44
44
44
44
44
45
45
45
45
45
45
46
45
45
45
45
45
44
44
43
43
42
42
42
42
41
41
41
41
41
41
41
41
41
41
41
40
41
41
41
41
40
40
40
40
40
41
41
41
41
41
41
41
40
40
39
39
39
39
39
38
38
38
38
37
37
37
37
37
37
37
37
37
37
37
37
37
37
37
37
37
38
38
38
38
38
39
39
39
39
39
39
39
39
39
40
40
40
40
40
40
40
41
41
41
41
41
41
42
42
42
42
42
42
43
43
43
43
44
44
44
44
45
45
45
45
45
45
45
45
45
45
45
46
46
46
46
46
46
46
47
47
47
47
47
47
47
48
48
48
48
48
48
48
48
48
49
49
49
49
49
49
50
50
50
50
50
50
50
50
50
50
51
51
51
51
51
51
51
51
51
52
52
52
52
52
52
52
52
52
53
53
53
53
53
53
53
53
53
53
53
53
53
54
54
54
54
54
55
55
55
55
55
55
55
55
56
56
56
56
57
57
57
57
57
57
57
57
57
57
56
56
55
57
59
60
62
63
65
66
67
67
67
67
67
68
68
68
68
68
68
69
69
69
69
69
70
69
69
70
70
70
71
72
72
72
72
73
73
73
73
74
74
74
74
74
74
74
74
74
74
74
74
74
74
74
74
74
74
73
73
73
73
72
72
72
72
71
71
71
71
70
70
70
70
69
69
69
68
68
67
67
67
66
66
65
65
65
64
64
64
64
63
63
63
62
62
62
62
61
61
61
61
61
61
60
60
60
60
61
61
61
61
62
62
62
62
62
62
62
62
62
62
62
62
62
62
62
61
61
61
61
61
61
61
61
60
60
60
60
60
60
60
60
59
59
59
59
59
59
59
59
59
59
59
59
59
58
58
58
58
58
58
58
57
57
57
57
57
58
58
57
57
57
57
57
57
57
57
57
57
56
56
56
56
56
56
56
56
56
56
55
55
54
54
54
54
54
54
54
53
53
53
53
53
53
52
52
52
52
52
51
51
51
51
51
51
51
50
50
50
50
50
50
49
49
49
49
49
48
48
48
48
48
48
48
47
47
47
47
47
47
46
46
46
46
46
46
45
45
45
45
45
45
44
44
44
44
44
44
44
43
43
43
43
43
43
43
43
42
42
42
42
42
42
42
42
42
42
42
41
41
41
41
41
41
41
41
41
41
41
41
41
41
41
41
41
41
40
40
40
40
40
40
40
40
40
40
40
40
40
40
39
39
39
39
39
39
39
39
39
39
39
39
39
39
38
38
38
38
38
38
38
38
38
38
38
38
37
37
37
37
37
37
37
37
37
37
37
37
37
36
36
36
36
36
36
36
36
36
36
36
36
37
37
37
36
36
36
36
36
36
36
36
36
36
36
36
36
36
36
36
36
36
36
36
36
36
36
36
36
35
36
35
35
35
35
35
35
35
35
35
35
35
35
34
34
34
34
34
34
34
34
34
34
34
34
34
34
34
34
34
34
34
34
34
34
34
34
34
34
34
34
34
34
34
34
34
NEW RECORDING
67
65
62
64
61
61
60
59
59
61
58
57
57
57
57
54
56
55
55
57
56
57
55
55
56
56
57
55
54
54
56
54
53
53
53
53
53
52
52
53
52
52
53
52
51
51
50
50
50
48
45
50
49
48
53
54
54
54
53
53
52
52
52
52
50
50
51
51
51
51
51
50
51
50
50
50
49
49
49
49
49
49
50
49
49
49
50
49
50
49
49
48
49
49
48
49
48
48
50
48
48
49
48
48
48
49
50
49
49
49
47
48
48
46
48
48
47
48
47
47
46
47
46
46
46
46
46
49
49
48
45
45
43
44
42
46
45
44
43
44
45
43
42
43
42
44
42
43
42
41
40
42
41
40
41
40
40
40
42
41
40
42
38
38
38
37
34
35
34
32
27
23
20
27
19
12
15
10
11
25
9
21
16
22
26
22
31
31
26
31
26
23
32
32
30
30
33
30
30
21
22
24
20
18
25
34
26
28
32
31
28
35
34
32
36
36
33
33
31
33
33
35
36
36
38
38
38
38
39
38
38
38
38
38
37
38
36
33
37
34
35
34
32
12
27
24
28
28
30
28
26
22
23
16
16
24
23
27
17
24
24
26
24
19
25
19
11
30
31
34
34
32
32
35
44
46
46
45
47
48
46
45
45
44
46
46
47
46
46
46
47
46
48
48
48
48
48
48
48
48
49
49
50
49
50
50
52
51
50
50
50
52
52
52
51
52
53
52
51
51
51
52
56
64
74
71
71
76
77
76
76
75
76
73
73
73
72
72
71
70
69
70
71
71
69
71
71
70
68
70
70
79
78
82
82
76
72
70
69
70
70
71
69
69
70
68
69
69
68
69
69
67
69
68
69
69
70
68
68
68
68
68
66
67
67
65
66
65
65
65
65
67
66
66
67
68
67
66
69
70
72
71
73
73
72
73
72
73
74
73
73
73
73
74
77
77
75
75
75
76
75
75
74
74
75
75
75
76
75
76
75
75
75
75
75
75
76
76
76
76
77
76
76
75
75
75
75
76
75
75
73
75
75
74
75
74
72
74
72
72
73
73
74
74
74
74
75
75
75
76
76
75
77
76
78
78
78
78
79
78
77
77
77
74
74
75
74
75
75
74
74
73
73
75
74
73
73
73
73
70
72
71
71
72
71
72
72
73
71
71
71
71
72
71
72
72
71
71
70
71
72
71
71
71
71
71
73
73
75
76
75
75
74
75
75
75
75
75
75
75
76
75
78
74
77
77
76
76
77
78
77
77
78
80
79
79
80
81
80
80
80
80
80
79
80
81
79
79
80
82
81
78
74
71
69
76
78
74
66
65
68
72
73
69
74
73
74
75
75
75
73
73
71
72
72
73
70
70
69
70
68
69
68
69
68
68
67
66
64
64
63
61
62
61
62
62
63
64
64
63
62
63
64
63
63
63
62
60
57
57
57
59
57
56
56
51
54
54
55
55
55
57
58
62
67
68
69
67
72
73
78
82
81
83
83
83
84
83
82
83
82
81
80
80
77
78
76
77
77
75
78
75
73
72
76
83
83
77
78
72
70
71
68
68
68
66
66
64
66
66
67
65
64
64
64
63
64
65
63
64
64
62
65
65
65
66
69
68
70
71
70
71
71
72
73
73
71
71
73
71
72
65
66
67
68
67
70
69
70
69
69
70
71
70
70
70
69
70
71
71
73
72
72
73
73
72
73
73
73
71
71
69
68
67
66
65
64
64
63
63
63
60
60
60
59
60
60
60
61
60
61
61
60
62
63
62
65
65
64
65
64
65
65
66
64
64
66
65
65
64
64
64
63
63
63
63
64
63
65
64
64
64
65
64
63
64
63
64
63
64
62
62
61
61
61
60
59
61
62
58
61
NEW RECORDING
8
6
10
9
10
6
6
6
4
6
6
4
5
8
5
3
4
4
4
4
4
4
5
4
4
4
4
4
4
4
4
4
4
4
4
4
3
4
4
4
4
4
4
3
4
3
4
4
2
4
4
2
4
4
4
2
4
4
4
4
2
2
2
4
2
2
2
2
2
2
2
2
2
2
2
2
2
2
2
2
2
2
2
2
2
1
1
2
2
1
1
1
1
2
1
2
2
2
1
1
1
1
1
2
1
2
2
1
1
1
1
1
1
1
1
1
1
1
1
1
1
1
1
1
1
1
1
1
1
1
1
1
1
1
1
1
1
1
1
1
1
1
1
1
1
1
1
1
1
1
1
1
1
1
1
1
1
1
1
1
1
1
1
1
1
1
1
1
1
1
1
1
1
1
1
1
1
1
1
1
1
1
1
1
1
1
1
1
1
1
1
1
1
1
2
1
1
1
2
2
2
1
1
1
1
1
1
1
1
1
1
1
1
1
1
1
1
1
1
1
1
1
1
1
1
1
1
1
1
1
1
1
1
1
1
1
1
1
1
1
1
1
1
1
1
1
1
1
1
1
1
1
1
1
1
1
1
1
1
1
1
1
1
1
1
1
1
1
1
1
1
1
1
1
1
1
2
1
1
1
1
1
1
1
1
1
1
1
1
1
2
2
1
2
1
1
1
1
1
2
1
2
2
1
1
2
1
1
1
1
2
1
2
2
2
2
2
2
2
2
2
2
2
2
2
2
2
2
2
2
2
2
2
2
2
2
1
2
2
1
1
2
2
1
1
1
2
2
2
2
1
1
1
1
1
1
1
1
1
2
1
1
2
1
2
2
1
1
2
1
2
2
2
1
2
2
1
2
2
1
1
1
2
1
1
2
1
1
1
1
1
1
1
1
1
1
1
1
1
1
1
1
1
1
1
1
1
1
1
1
1
1
1
1
2
1
1
1
1
1
2
1
2
2
1
1
1
1
2
1
1
2
2
1
2
1
1
2
1
2
1
1
1
2
2
1
1
1
1
2
1
2
1
1
1
1
1
1
1
1
1
1
1
1
1
1
1
1
1
1
1
1
1
1
1
1
1
2
1
1
1
1
1
1
2
2
1
1
1
1
1
1
1
1
1
2
1
1
1
1
1
1
1
1
1
1
1
2
1
1
1
1
1
1
1
1
1
1
1
1
1
1
1
1
1
1
1
1
1
1
1
1
1
1
1
1
1
1
1
1
1
1
1
1
1
1
1
1
1
1
1
1
1
1
1
1
1
1
1
1
1
1
1
1
1
1
1
1
1
1
1
1
1
1
1
1
1
1
1
1
1
1
1
1
1
1
1
1
1
1
1
1
1
1
1
2
1
2
1
1
2
1
1
2
1
1
1
2
1
1
1
1
2
1
2
1
1
2
1
1
1
1
1
1
1
1
1
1
1
1
1
1
1
1
2
2
1
2
1
2
1
1
1
2
2
2
1
2
1
2
1
2
2
2
2
2
2
2
2
2
2
2
2
2
2
2
2
2
2
2
2
2
2
2
2
2
2
2
2
2
2
2
2
2
2
2
2
2
2
2
2
2
2
2
2
2
2
2
2
2
2
2
2
2
2
2
2
1
2
2
2
2
2
1
2
2
2
1
1
2
2
2
2
1
2
2
2
2
2
2
2
2
1
2
2
2
2
2
1
2
1
1
1
1
2
2
1
2
1
2
2
1
1
1
1
1
1
1
1
1
2
2
2
2
2
2
2
1
1
1
1
1
1
1
2
1
1
2
1
1
1
1
1
1
1
1
1
1
1
1
1
1
1
1
1
1
1
1
1
1
1
1
1
1
1
1
1
1
1
1
1
1
1
1
1
1
1
1
1
1
1
1
1
1
1
NEW RECORDING
72
71
71
71
71
70
70
70
70
70
70
69
69
69
69
69
69
69
68
68
68
68
68
68
68
67
67
67
67
67
67
67
67
66
66
66
66
66
66
66
65
65
65
65
65
65
65
65
65
65
65
64
64
64
64
64
64
64
64
64
64
64
63
63
63
63
63
63
63
63
62
62
62
62
62
62
62
62
62
62
62
62
62
61
61
61
61
61
61
61
61
61
61
61
61
61
61
61
60
60
60
60
60
60
60
60
60
60
60
60
60
60
60
60
60
60
60
60
60
60
60
60
60
60
60
60
60
60
60
60
60
60
60
60
60
60
61
61
61
61
61
61
61
61
61
61
61
61
61
61
62
62
62
62
62
62
62
62
63
63
63
63
63
63
63
64
63
64
64
64
64
64
64
65
65
65
65
65
65
65
65
66
66
66
66
66
66
66
66
67
67
67
67
67
67
67
67
67
67
67
67
67
67
67
68
68
68
68
68
68
68
68
68
68
68
68
68
68
68
69
69
69
69
70
70
70
70
70
71
71
71
71
71
71
72
72
72
72
72
72
72
72
72
73
73
73
73
73
73
73
73
73
73
73
74
74
74
74
74
74
74
74
74
74
74
74
74
74
74
74
74
74
74
74
74
74
74
74
74
74
74
74
74
74
74
74
74
74
74
74
74
75
74
75
75
75
75
75
75
75
75
75
75
75
75
75
76
76
76
76
76
76
76
76
76
76
76
76
75
76
75
75
75
75
75
75
75
75
75
75
75
75
75
75
75
75
75
75
75
75
75
75
75
75
75
75
75
75
75
75
75
75
75
75
75
75
75
75
75
75
75
75
75
75
75
75
74
75
74
74
74
74
74
74
74
74
74
74
74
74
74
74
74
74
73
74
74
73
73
74
73
74
74
74
74
74
74
74
74
74
74
73
73
73
73
73
73
73
73
73
73
73
73
73
73
73
73
73
73
73
73
73
72
73
72
72
72
72
72
72
72
72
72
72
72
72
72
72
72
72
72
72
72
72
72
72
72
72
72
72
72
72
72
72
72
72
72
72
72
72
72
72
72
72
72
72
73
73
72
72
72
72
72
72
72
72
72
72
72
72
72
72
72
72
72
72
72
72
72
72
72
72
72
72
72
72
72
72
72
72
71
71
72
71
71
71
71
71
71
71
71
71
71
71
71
71
71
71
71
71
71
71
71
71
71
71
71
71
71
71
71
71
71
71
71
71
71
71
71
71
71
71
71
71
71
71
71
71
71
71
71
71
71
71
71
71
71
71
71
71
71
71
71
71
71
71
71
71
71
71
71
71
72
72
72
72
72
72
72
72
72
72
72
72
72
72
72
72
72
72
72
71
71
71
71
71
71
71
71
71
71
71
71
71
71
71
71
71
71
71
71
71
71
71
71
71
71
71
71
71
71
71
71
71
71
71
71
71
71
71
71
71
71
71
71
71
71
71
71
71
71
71
71
70
71
71
70
70
71
71
71
71
71
71
71
70
70
70
70
70
70
70
70
70
70
70
70
70
70
70
70
70
70
70
70
70
70
70
70
70
70
70
70
70
70
70
70
70
70
70
70
70
70
70
70
70
70
70
70
70
70
69
70
70
69
69
69
69
69
69
69
69
69
69
69
69
69
69
69
69
69
69
69
69
69
69
69
70
70
70
70
70
70
70
70
70
69
69
69
69
69
69
69
69
69
69
69
69
69
69
69
69
69
69
68
68
68
68
68
68
68
68
68
68
68
68
68
68
68
68
68
68
68
68
68
68
68
68
68
68
67
67
67
67
67
67
67
67
67
67
67
67
67
67
67
67
67
67
67
67
67
66
66
66
66
66
66
66
66
66
66
66
66
66
66
66
66
66
66
66
66
66
66
66
66
66
66
66
66
66
66
66
66
65
66
65
NEW RECORDING
83
83
82
82
82
82
83
83
83
83
83
83
83
83
83
83
83
83
83
83
83
83
83
83
83
83
83
83
83
83
83
83
83
83
83
83
84
83
83
83
NEW RECORDING
80
81
81
81
80
80
80
80
80
80
80
80
80
80
80
80
80
80
80
80
80
80
80
80
80
80
80
80
79
79
79
79
79
79
80
81
81
81
81
80
80
80
80
80
80
80
80
80
80
81
81
80
80
80
80
81
81
80
80
80
80
80
80
80
80
80
80
80
80
80
79
79
80
80
80
80
80
80
80
79
79
79
79
79
78
78
78
79
78
78
76
79
79
78
78
78
78
78
78
78
78
78
79
79
79
79
79
79
79
79
79
78
78
78
78
78
78
78
78
78
78
78
78
78
78
78
78
79
78
78
79
78
76
76
76
76
76
76
77
77
77
76
76
76
76
76
76
76
76
76
76
76
76
76
75
75
76
75
75
75
75
75
75
75
75
75
75
75
75
75
75
75
75
75
75
75
75
74
74
74
74
74
74
74
74
74
74
74
74
74
74
74
74
74
74
74
74
74
74
74
74
73
73
73
73
73
73
73
73
73
73
73
73
73
73
73
73
71
70
66
66
66
67
67
67
68
68
68
68
68
68
69
69
68
69
69
69
69
69
69
69
69
69
69
69
69
69
69
69
69
69
69
69
69
69
69
69
69
69
69
69
69
69
69
67
66
67
67
67
67
68
68
68
68
69
69
69
69
69
69
69
69
69
69
69
69
69
69
69
69
69
69
69
69
69
69
69
69
69
69
69
69
69
69
69
69
69
69
69
69
69
68
68
68
68
68
68
68
68
68
68
68
68
68
68
68
68
68
68
68
68
68
68
68
68
68
68
68
68
68
67
67
67
67
63
64
64
65
61
59
60
60
61
61
62
62
62
63
63
63
63
64
64
64
65
65
65
65
65
65
66
66
66
66
66
66
66
66
66
66
66
66
66
66
66
64
64
64
64
64
64
64
64
64
65
65
65
65
65
65
65
66
66
66
66
66
66
66
67
67
67
67
67
67
67
65
65
65
65
64
65
65
65
66
66
66
66
66
66
66
66
66
66
66
66
66
66
66
66
67
66
66
66
66
66
67
67
67
67
67
66
65
65
65
65
65
65
64
63
64
64
64
64
64
64
64
64
64
64
64
64
65
65
65
67
68
67
67
67
67
66
66
66
67
67
66
68
69
69
68
69
68
68
68
68
68
68
68
68
68
68
68
68
68
68
68
68
68
68
68
67
68
67
67
68
68
68
68
67
67
67
67
67
67
67
67
67
67
67
67
67
67
67
67
67
67
67
67
67
66
66
66
66
66
66
66
66
66
66
66
66
66
66
66
66
66
64
64
64
64
64
64
64
64
64
64
65
65
65
65
65
65
65
65
64
65
65
65
65
65
64
65
65
64
64
64
64
64
64
64
64
64
64
64
61
62
62
62
62
62
62
62
62
62
62
62
62
62
61
61
61
56
54
54
53
52
53
50
53
54
55
56
57
57
57
58
58
58
59
59
59
59
59
59
59
59
59
59
60
59
57
55
54
54
55
56
56
57
56
57
57
57
57
57
57
57
57
57
57
57
57
57
57
57
57
57
57
57
57
57
57
57
55
55
56
57
57
56
57
57
57
57
58
58
58
58
58
58
58
58
58
58
58
58
58
58
58
58
58
58
58
58
58
58
58
58
59
59
59
59
59
59
59
59
59
59
58
59
59
58
59
59
58
56
57
58
58
58
58
58
59
59
59
59
59
58
58
58
59
59
59
59
58
58
59
59
59
59
59
59
59
59
59
59
59
59
59
59
59
59
58
58
58
58
58
58
58
58
58
58
58
58
58
59
59
58
58
59
59
59
59
59
59
59
59
59
59
59
59
58
58
59
59
59
59
58
59
58
58
58
58
58
58
59
59
59
58
58
58
58
58
58
58
58
58
58
58
58
58
58
58
58
58
58
58
58
58
58
58
57
57
56
56
55
56
56
56
56
56
56
56
56
56
56
56
56
56
56
56
56
56
56
56
