NEW RECORDING
-1
-1
-1
-1
-1
-1
0
0
0
-1
0
-1
-1
-1
-1
0
-1
-1
0
0
-1
0
-1
-1
-1
0
-1
0
0
0
-1
0
0
0
-1
-1
NEW RECORDING
0
0
NEW RECORDING
-1
NEW RECORDING
27
25
25
25
25
25
25
25
25
25
25
25
25
25
25
25
25
25
26
26
25
25
25
25
25
25
25
25
25
25
25
25
25
25
25
25
25
25
25
25
25
25
25
25
25
25
25
25
25
25
25
25
25
25
25
24
24
24
24
24
24
24
24
24
24
24
24
24
24
24
24
24
24
24
24
24
24
24
24
24
24
24
24
24
24
24
24
24
24
24
24
24
24
24
24
24
24
24
24
24
24
24
24
24
24
24
24
24
24
24
24
24
24
24
24
24
24
24
24
24
24
24
24
24
24
24
24
24
24
24
24
24
24
24
24
24
24
23
24
24
24
24
24
24
24
23
24
23
23
23
23
23
23
23
23
23
23
23
23
23
23
23
23
23
23
24
23
23
23
23
23
23
23
23
23
23
23
23
23
23
23
23
23
23
23
23
23
23
23
23
23
23
23
23
23
23
23
23
23
23
23
23
23
23
23
23
23
22
23
23
23
23
23
23
23
23
23
23
23
23
23
23
23
22
22
22
22
23
22
22
22
22
23
22
23
22
22
23
22
22
23
22
22
22
22
22
22
22
22
22
22
22
22
22
22
22
23
23
22
22
22
22
22
22
22
22
22
22
23
24
24
23
23
23
23
23
24
24
24
24
24
23
23
23
23
23
23
23
23
23
23
23
23
23
23
23
23
23
23
23
23
23
23
23
23
23
23
23
23
23
23
23
23
23
23
23
23
23
23
23
22
22
22
22
22
22
22
22
22
22
22
22
22
22
22
22
22
22
22
22
22
22
22
22
22
23
23
23
23
23
23
23
23
22
23
23
23
23
23
22
21
21
21
22
22
22
22
22
22
22
22
22
22
22
22
22
22
22
22
22
22
22
22
22
22
22
22
22
22
22
22
22
22
22
22
22
22
22
21
21
21
22
22
22
22
22
22
22
22
22
22
22
22
22
22
22
22
22
22
22
22
22
22
22
22
22
22
22
21
22
21
22
22
22
22
22
22
21
21
22
22
22
22
22
22
22
22
22
22
22
22
22
22
22
22
21
21
21
21
21
21
21
21
21
21
21
21
21
21
21
21
21
21
21
21
21
21
21
21
21
21
21
21
21
21
21
21
21
21
21
21
21
21
21
21
21
21
21
21
21
21
21
21
21
21
21
21
21
21
13
12
13
13
14
15
15
15
16
15
16
16
16
16
16
16
16
17
17
17
17
17
17
17
17
17
17
17
17
17
17
17
17
17
17
17
17
17
17
17
17
17
17
17
17
17
17
17
17
17
17
17
17
17
17
17
17
17
17
17
17
17
17
17
17
17
17
17
17
17
17
17
17
17
17
17
17
17
17
17
17
17
17
17
17
17
17
17
17
17
17
17
17
17
17
17
17
17
17
17
18
18
17
17
18
17
17
18
17
17
17
17
17
17
17
17
17
18
17
17
17
17
17
17
17
17
17
17
17
17
17
17
17
17
17
17
17
17
17
17
17
17
17
17
14
13
13
13
14
14
14
15
15
15
15
16
16
16
16
16
16
16
17
17
17
17
17
17
17
17
17
17
17
17
17
17
17
17
17
17
17
17
17
17
17
17
17
17
17
17
18
17
17
18
18
17
17
18
17
17
17
17
17
17
17
18
17
17
17
17
17
17
17
17
17
17
17
17
17
17
17
17
17
17
17
17
17
17
17
17
17
17
17
17
17
17
17
17
17
17
17
17
17
17
17
17
17
17
17
17
17
17
17
17
17
17
17
17
17
17
17
17
17
17
17
17
17
17
17
17
17
17
17
17
17
17
17
17
17
17
17
17
17
17
17
17
17
17
17
17
17
17
17
17
17
17
17
17
17
17
17
17
17
17
NEW RECORDING
80
75
74
74
74
72
75
73
72
74
75
74
75
74
72
72
72
74
71
70
71
71
71
69
69
69
70
70
70
70
72
69
71
69
70
70
70
71
70
71
71
71
71
71
71
71
71
71
71
71
71
72
73
72
72
73
74
73
73
74
74
75
74
73
75
75
74
75
74
74
75
75
76
75
76
77
81
83
83
83
83
82
82
80
79
79
80
80
80
80
79
81
83
82
82
81
81
80
80
80
79
79
78
77
77
76
77
77
77
76
76
76
77
76
76
75
77
76
81
75
77
75
75
75
75
76
80
80
85
86
87
88
87
85
92
86
86
84
82
80
81
78
78
78
78
78
76
77
73
71
72
72
76
74
75
73
74
74
75
72
71
72
69
70
69
68
68
68
68
67
65
65
68
65
65
66
65
66
65
64
67
67
67
65
66
66
66
65
64
63
64
63
63
63
63
63
63
63
62
63
64
63
63
63
62
63
63
61
62
63
62
62
62
65
66
64
64
63
62
63
62
62
62
61
61
60
59
61
59
59
59
60
60
60
59
59
61
61
61
61
59
57
63
76
90
68
66
64
80
80
64
63
64
64
63
63
63
65
65
64
72
63
62
66
69
69
69
68
63
61
63
63
63
64
62
63
65
63
62
62
61
63
63
63
64
64
65
63
62
61
61
61
60
59
60
59
58
57
58
57
58
57
57
56
57
56
56
57
56
56
57
56
55
56
56
55
56
56
55
56
55
59
64
67
69
71
71
72
73
71
71
72
72
71
71
69
57
58
56
58
56
57
56
57
66
66
66
56
66
65
66
55
66
60
64
62
62
62
61
60
60
60
61
59
60
60
59
61
61
62
62
61
61
61
62
63
63
63
65
64
62
65
61
61
61
60
60
60
60
60
60
59
58
59
58
57
57
57
57
57
56
56
55
56
55
55
55
55
55
54
55
55
55
55
57
56
55
56
58
55
54
55
58
56
57
58
57
58
58
58
59
57
56
56
58
56
56
56
57
57
57
58
56
57
58
58
58
57
57
57
57
56
56
56
55
55
56
55
56
56
56
54
56
55
55
54
53
54
54
54
54
54
52
54
52
53
53
54
53
53
54
53
54
52
54
53
55
54
54
52
53
53
53
53
53
52
54
54
52
52
53
53
51
52
51
53
52
52
52
52
53
53
53
52
52
52
51
52
51
51
53
51
51
51
52
52
51
52
52
52
52
52
51
52
52
52
52
51
51
52
53
52
55
52
53
51
52
52
52
52
52
51
51
52
52
52
51
51
52
53
52
52
52
52
53
52
52
51
53
53
53
53
53
54
55
56
57
59
60
62
59
58
53
53
55
56
58
58
60
56
58
56
56
55
56
55
55
56
55
54
56
54
55
55
54
54
53
53
53
54
55
54
54
54
54
53
53
53
55
54
55
53
52
53
54
54
55
56
57
59
58
59
59
60
62
62
62
63
64
61
59
57
57
57
59
57
57
57
58
58
56
56
57
57
59
57
55
56
55
57
55
56
56
54
54
53
54
53
52
53
55
52
52
56
57
54
55
59
60
60
59
57
60
57
58
60
57
60
58
58
60
61
60
60
62
59
59
60
59
58
59
57
67
58
59
59
59
58
59
59
58
58
57
57
57
56
57
57
60
60
59
59
58
55
60
56
56
57
56
55
54
53
53
54
53
54
53
53
55
53
53
53
53
54
54
54
54
54
54
53
53
55
56
57
55
57
58
59
57
58
57
58
58
58
58
59
58
58
57
57
58
59
57
57
58
57
57
58
58
58
56
57
56
55
56
55
55
55
54
54
55
54
53
52
53
53
52
54
53
54
53
53
53
53
52
52
52
52
53
54
53
54
53
54
54
56
54
54
56
53
55
NEW RECORDING
2
2
2
1
1
1
2
1
2
1
1
1
1
1
1
1
1
0
1
1
0
0
0
0
0
0
-1
0
0
-1
0
0
-1
0
0
0
-1
0
0
-1
-1
0
-1
0
0
0
-1
-1
-1
-1
0
-1
-1
-1
-1
0
-1
-1
0
-1
0
-1
-1
-1
-1
0
-1
0
-1
-1
-1
-1
0
-1
-1
-1
0
-1
-1
-1
0
0
0
-1
-1
-1
0
0
-1
-1
0
0
0
0
0
0
-1
0
-1
0
0
0
0
0
0
0
-1
-1
0
-1
0
0
0
0
0
0
0
0
0
0
-1
0
-1
0
0
0
0
0
0
0
0
0
0
0
0
0
0
0
0
-1
0
-1
0
0
0
0
0
0
0
0
0
0
0
0
0
0
0
0
0
0
0
0
0
0
0
0
0
0
0
0
0
0
1
1
1
0
1
1
1
1
1
1
1
1
1
1
1
1
1
1
1
1
1
1
1
1
1
1
1
1
1
1
1
1
1
1
1
1
1
1
1
1
1
1
1
1
1
1
1
1
1
1
1
1
1
1
1
1
1
1
1
1
1
2
2
1
1
1
2
1
1
1
1
1
1
2
2
1
2
2
1
1
1
1
2
1
1
1
2
1
1
1
1
1
1
1
2
1
1
2
2
2
1
2
2
2
1
1
1
1
1
1
1
1
1
1
2
1
1
1
1
1
2
1
1
1
1
2
1
2
1
1
2
1
1
1
1
1
1
1
2
2
1
2
2
2
1
1
3
1
1
4
1
1
3
3
2
2
4
2
3
2
2
1
1
3
3
1
4
3
1
3
5
6
4
2
2
12
6
5
5
7
9
10
21
9
11
12
9
8
17
15
16
22
23
20
22
27
24
18
19
26
30
25
31
23
31
35
34
33
34
34
35
36
35
37
35
34
32
36
35
31
30
32
34
35
33
34
31
33
29
30
29
34
34
27
34
27
34
33
29
30
35
37
32
34
37
33
37
38
37
37
39
38
38
39
40
39
36
41
37
40
40
43
42
41
41
42
42
42
42
42
42
42
42
43
41
42
41
41
42
42
41
43
40
42
39
41
41
40
42
39
40
40
41
39
40
40
41
41
40
42
42
43
43
43
42
43
42
42
41
42
42
40
42
42
41
41
42
40
40
38
39
39
40
39
37
39
36
39
39
38
38
38
39
38
37
37
38
38
38
39
38
38
38
38
37
37
38
37
37
38
37
36
37
36
35
37
33
35
35
29
36
36
38
36
37
37
36
36
37
35
30
37
35
36
31
36
30
30
35
35
26
34
36
33
36
34
34
30
35
34
34
33
36
32
37
34
34
33
36
35
35
34
38
36
36
33
34
36
36
34
32
36
35
35
37
37
36
36
36
38
37
37
37
37
38
35
37
37
34
38
38
38
36
38
37
35
38
35
34
37
38
38
36
37
38
36
36
35
38
38
37
38
37
38
36
36
38
38
38
37
39
38
33
33
31
37
29
36
30
33
30
33
34
30
35
32
34
35
30
26
27
26
19
19
15
19
16
16
11
12
10
14
9
17
17
19
17
17
9
9
4
2
6
6
5
3
4
3
3
5
9
3
4
6
3
4
5
3
4
3
3
3
6
3
5
4
4
4
3
4
4
2
3
2
3
3
3
4
4
2
2
3
2
4
3
5
3
4
3
5
3
6
4
5
5
5
5
4
3
3
3
4
3
3
6
2
3
5
3
3
2
4
5
2
4
3
4
4
6
4
3
4
4
3
2
6
3
3
4
3
10
5
6
6
6
3
5
3
4
5
10
3
5
4
8
6
9
4
7
5
4
6
4
3
7
5
4
5
4
3
6
11
8
13
5
7
9
4
4
4
4
3
6
6
4
3
5
5
4
4
5
6
4
9
6
3
3
4
5
8
4
4
5
NEW RECORDING
-12
-10
-10
-10
-10
-9
-9
-9
-9
-9
-8
-8
-8
-7
-7
-7
-7
-6
-6
-6
-6
-5
-5
-5
-5
-4
-4
-4
-4
-3
-3
-3
-3
-2
-2
-2
-2
-1
-1
-1
-1
-1
0
0
0
0
0
1
1
1
1
2
2
2
2
2
2
3
3
3
3
3
4
4
4
4
4
5
5
5
6
6
6
6
7
7
7
7
7
8
8
8
8
8
8
8
9
9
9
9
9
9
9
9
9
10
10
10
10
10
10
10
10
10
10
10
10
10
11
11
11
11
11
11
11
11
11
11
11
11
11
11
11
11
11
11
11
11
12
11
12
12
12
12
12
12
12
12
12
12
12
12
12
12
12
12
12
12
12
12
12
12
12
12
12
12
12
12
12
12
11
12
12
12
12
12
12
12
12
12
12
12
12
12
12
12
12
12
12
12
12
12
12
12
13
13
13
13
13
13
13
13
13
14
14
14
14
14
14
14
14
14
14
14
14
14
14
14
14
14
14
14
14
14
14
14
14
14
14
14
14
14
14
14
14
14
14
14
14
14
14
14
14
14
14
14
14
14
14
14
14
14
14
14
14
14
14
14
14
16
16
17
18
18
18
18
18
18
18
18
18
18
18
18
18
18
18
18
18
18
18
18
18
18
18
18
18
18
18
18
18
18
18
19
18
19
18
19
19
19
19
19
20
21
21
21
21
21
21
21
21
21
21
21
21
21
21
21
21
21
21
21
21
21
21
21
21
21
21
21
21
21
21
21
21
21
21
21
21
21
21
21
21
21
21
21
21
21
21
21
21
19
18
18
18
18
18
18
18
18
19
18
19
19
19
19
19
19
19
19
19
19
19
19
19
19
19
19
19
19
19
19
19
19
19
19
19
19
19
19
19
19
19
19
19
19
19
19
19
19
19
19
18
17
16
16
16
16
16
16
16
16
16
16
16
17
17
17
17
17
17
17
17
17
17
17
17
17
18
18
19
18
18
18
18
18
18
18
18
18
18
18
18
18
18
18
18
18
18
18
18
18
18
18
18
18
18
18
18
18
18
18
18
18
18
18
18
18
18
18
18
18
18
18
18
18
18
18
18
18
18
19
18
18
18
18
19
19
19
19
19
20
21
21
21
21
21
21
21
21
21
21
21
21
21
21
21
21
21
21
21
21
21
21
21
21
21
22
22
22
22
22
22
22
22
22
22
22
22
22
22
22
22
22
22
23
23
23
23
23
23
23
23
23
23
23
23
23
23
23
23
23
23
23
23
23
23
23
23
23
23
23
23
23
23
23
23
23
23
23
23
23
23
23
23
23
23
23
23
23
23
23
23
23
23
23
23
23
23
23
23
23
23
23
23
23
23
23
23
23
23
23
23
23
23
23
23
23
23
23
23
23
23
23
23
22
22
22
22
22
22
22
22
22
23
23
23
23
23
22
22
23
23
23
23
23
23
22
22
22
22
22
22
22
22
22
22
22
22
22
22
22
22
22
22
22
22
23
23
24
24
24
24
24
24
24
24
24
24
24
24
24
24
24
23
23
23
23
23
23
23
23
23
23
23
23
23
23
23
23
23
23
23
23
23
23
23
23
23
23
23
23
23
23
23
22
22
22
22
22
22
22
22
22
22
22
22
22
22
22
22
22
22
22
22
22
22
22
22
22
22
22
22
22
22
22
22
22
22
22
22
22
22
22
22
22
21
21
21
21
21
21
21
21
21
21
21
21
21
21
21
21
21
21
21
21
20
20
20
20
20
20
20
20
20
20
20
21
20
20
20
20
20
21
21
21
21
21
21
21
21
21
21
21
21
21
21
21
21
21
21
21
21
21
21
21
21
22
22
22
23
23
23
23
24
24
24
24
24
23
23
23
23
23
23
23
23
23
23
23
23
23
23
22
22
22
22
22
22
22
22
22
22
22
22
22
NEW RECORDING
-1
-1
-1
-1
-1
-1
-1
-1
-1
-1
-1
-1
-1
-1
0
0
0
-1
-1
-1
0
0
-1
-1
-1
-1
-1
-1
-1
-1
-1
-1
0
0
0
0
0
0
0
0
NEW RECORDING
21
20
20
20
20
21
20
21
20
20
20
21
20
20
20
20
21
21
21
21
22
21
21
23
23
23
23
23
23
23
23
23
23
23
23
23
23
23
23
23
24
23
23
23
23
23
24
24
24
26
26
26
25
25
25
25
24
24
24
24
24
24
24
25
25
25
25
25
25
25
25
25
25
25
25
26
26
26
26
26
26
26
26
26
26
26
26
26
26
26
26
26
26
26
26
26
26
27
27
27
27
27
28
28
28
28
28
28
28
28
28
28
28
28
28
30
30
30
29
29
29
29
29
28
27
27
28
28
28
28
28
28
29
29
29
29
29
29
29
29
29
29
29
29
29
29
29
29
29
29
29
29
29
29
29
29
29
29
30
30
30
30
30
30
30
30
30
30
30
30
30
30
30
30
30
30
30
30
30
30
30
30
30
30
30
30
30
30
31
31
31
31
31
31
31
31
31
31
31
31
31
31
31
31
31
34
34
33
33
33
33
33
33
33
32
32
33
33
33
33
33
33
33
33
33
33
33
33
33
33
33
33
33
33
35
37
37
36
36
35
35
35
36
35
35
35
35
35
35
35
35
35
35
35
35
35
35
35
35
35
35
35
35
35
36
36
36
36
36
36
35
36
36
36
36
36
36
36
36
36
36
36
36
36
36
36
36
36
36
36
36
36
36
36
36
36
36
37
37
37
37
38
37
37
37
37
37
38
38
38
38
38
38
37
38
38
38
37
37
37
37
37
38
38
38
38
38
38
38
38
38
38
38
38
38
38
38
38
38
38
38
38
38
39
38
38
38
38
38
38
38
38
38
38
38
38
38
38
39
39
39
39
39
39
39
39
38
39
39
39
39
39
39
39
39
39
39
39
39
39
39
39
39
39
39
39
39
42
41
41
41
40
40
40
40
40
40
40
39
36
36
36
36
36
36
37
37
37
37
37
37
37
37
37
37
37
37
37
37
37
37
37
37
37
37
37
37
37
37
37
38
38
38
38
38
38
38
38
38
38
38
38
38
38
38
38
38
38
38
38
38
38
38
38
38
38
38
38
39
38
38
38
38
38
38
38
38
38
38
38
38
38
38
38
38
38
38
38
38
38
38
38
38
38
38
38
38
38
38
38
38
38
38
39
38
39
39
39
39
39
39
39
39
39
39
39
39
39
39
39
39
39
39
39
40
40
40
40
40
40
40
40
40
40
40
40
40
40
40
40
40
40
41
40
40
40
40
40
40
40
40
40
40
40
40
40
40
40
40
40
40
40
40
40
40
40
40
40
40
40
40
40
40
40
40
40
40
40
41
41
41
41
41
40
41
40
40
41
40
40
40
40
40
40
40
40
40
41
36
36
36
37
37
37
37
37
37
37
37
37
37
37
37
37
37
37
37
37
37
37
38
38
38
38
38
37
38
38
38
38
38
38
38
38
38
38
38
38
38
38
38
38
38
38
38
38
38
38
38
38
38
38
38
38
38
38
38
38
38
38
38
38
38
38
38
38
38
38
38
38
38
38
38
38
38
38
38
38
38
38
38
39
39
38
38
39
38
39
39
39
39
39
39
39
38
39
39
39
39
39
39
39
39
39
39
39
39
39
39
39
39
39
39
39
39
39
39
39
39
39
39
39
39
39
39
39
39
39
39
39
39
40
39
39
39
39
39
39
39
39
39
39
39
39
39
39
39
39
39
39
39
39
39
39
39
39
39
39
39
39
39
39
39
39
39
39
39
39
39
39
39
39
39
39
39
39
39
39
39
39
39
39
39
39
39
39
39
39
39
39
39
39
39
39
39
39
39
39
39
39
39
39
39
39
39
39
39
39
40
40
40
40
40
40
40
40
40
40
40
40
40
40
40
40
40
40
40
40
40
40
40
40
40
40
40
40
40
40
40
40
40
40
40
40
40
40
40
40
40
40
40
40
40
40
40
40
40
40
40
40
40
40
40
