1550 1308
1801 353
1572 1063
1902 770
2166 578
1578 810
2070 171
1278 1131
550 210
1186 441
307 363
1296 457
1353 636
1874 1
2045 266
2883 994
2955 460
2640 191
1728 51
1020 584
771 1385
351 2058
989 2023
876 1285
1858 904
1776 94
1415 998
2243 1304
1717 767
1939 553
1935 1285
2341 1565
1646 2062
1120 2617
1875 2518
2615 1754
3537 2744
3982 2034
3363 2652
3440 3329
2581 3307
3167 3390
2587 2711
3075 3621
3706 2667
3190 2113
2349 2078
2030 2444
1896 2278
1554 1334
901 892
598 1198
1081 2176
2063 1405
1298 863
1189 1800
1552 1897
2514 2262
2771 2176
2527 1676
3344 712
2894 347
2845 588
3639 382
2920 1266
2869 2113
2317 1587
1391 687
1335 1545
1467 1071
2024 1314
2305 1282
1723 1800
1116 1822
1816 2066
2445 1344
1821 1340
2275 1915
1404 1605
1112 2074
327 1479
914 1601
586 2555
681 1693
1670 1156
2482 203
2565 678
2793 475
1949 1183
2833 236
3458 780
2654 1274
2533 1240
1758 1899
1139 1516
1170 2504
799 2779
329 3368
98 2478
1029 3239
1968 2569
2608 2439
2736 3149
2339 3984
1651 3628
713 2712
1149 3066
947 2691
712 3282
28 2316
959 1546
1276 1056
707 101
1548 860
687 1438
523 1825
1459 1800
1118 1835
366 1098
1299 1614
2055 2393
2671 3302
3328 3706
3009 3717
2038 3051
2432 3709
2429 2922
2245 3358
1616 2725
1024 3704
1191 3653
727 3953
537 3056
1360 3100
955 3319
957 2460
1956 1667
2772 1503
3020 2207
2457 2295
3321 1823
3704 912
3999 1740
3778 1514
2781 738
3382 800
2546 999
3277 1316
4064 908
3966 13
3594 758
3024 681
2754 1653
3093 1912
3941 1704
3909 1907
3132 1526
4070 1081
3654 160
3113 952
2698 1205
2229 2092
2683 1106
2611 589
2973 1397
3236 712
2411 775
2906 580
2536 1255
1762 1110
1740 281
864 670
340 832
781 593
279 1400
295 1693
679 2353
109 2557
87 2233
917 3105
584 3453
429 3763
1312 3203
1625 2290
2360 1519
2305 2238
1413 2821
2161 3793
2547 3725
3304 2773
2424 3676
2059 2771
1160 3128
527 3708
1190 3248
389 2927
1151 2007
1496 2253
1719 2667
849 3376
289 3597
284 2715
1250 2359
1399 1802
2367 2182
1955 1483
2046 833
2974 1195
2037 1994
2149 2176
1762 2972
2488 3565
2573 3413
2477 3147
2563 2773
2838 1837
2796 1060
3072 434
2693 467
3670 1081
3890 1226
3534 259
3326 1041
2386 720
2386 873
1513 1748
860 1394
1537 1672
896 2144
691 3077
1306 3680
1819 3425
1222 2502
1348 2879
1827 2671
1726 3460
1623 2881
655 2573
6 1752
26 1162
173 2061
857 2555
1745 1851
1949 1191
1258 1072
382 1028
1245 1788
1319 1061
1425 864
1005 566
866 1553
1402 1649
1777 1373
1258 678
1470 436
1420 1250
2411 1906
3054 1237
2429 1639
2603 1270
3580 851
2589 667
2196 747
1816 1127
2216 1017
2686 1684
2373 2156
1979 3086
1185 2687
2170 2468
2661 2042
2699 2259
1983 2100
2396 2826
2012 2773
2494 2700
1598 1927
2544 1867
2889 1154
2878 1644
2770 2457
1783 2252
2338 1490
2398 877
3315 593
3386 1198
3494 2077
3472 2834
2757 3119
3494 2219
2548 1327
2951 2147
3511 1750
3931 2362
3742 2553
2953 1821
3188 1907
2595 1274
3368 918
3128 199
3095 684
3995 1548
3210 1973
3227 2922
3911 2522
3367 2779
2921 2625
3864 2315
3158 2335
4029 1464
3429 1517
2911 2021
2820 1871
3471 1542
2740 1755
2576 1633
3214 1976
3239 2679
2582 2815
2408 2764
2906 1954
2571 1392
2442 965
2584 905
2907 1119
3218 1910
3896 2213
3926 1510
3006 1760
2886 2425
2972 2401
3058 1984
2208 2084
1983 2055
2852 1795
3415 1572
2833 684
2973 875
3730 1062
3908 322
2953 783
3158 1388
3967 2057
3609 1669
3643 748
2782 96
1804 393
2145 1065
2327 2054
1451 2283
762 2564
60 3153
597 2993
1025 3570
121 3190
839 2744
204 2714
305 3305
1277 2381
1598 3327
2304 3150
1469 2690
1239 2953
1279 1966
1063 1958
1876 1262
2332 777
2792 829
3741 67
2991 829
2424 377
2662 999
1776 129
1089 1043
2031 1231
2820 1840
1837 1875
2560 961
3382 1054
3427 1430
2745 949
3380 1886
2469 2579
2511 2044
3506 2337
3251 2709
3931 2633
3281 2183
4026 1256
3972 296
3737 928
3155 1302
4046 2087
4034 2087
3531 3058
4077 2437
3913 1723
3490 764
2717 471
2058 471
2031 411
2138 1002
2280 613
2910 601
2804 1049
2548 221
2890 822
3497 1757
3651 2240
2852 2775
2154 3356
1824 3980
1632 3716
766 3002
1316 3905
1080 3634
1512 2909
907 2080
1534 2109
1312 2121
1397 1934
795 2750
134 3052
764 3166
1484 3667
1492 3535
1165 3929
1570 3221
815 3967
140 3203
329 2560
677 3005
1579 2084
607 2749
1114 2565
1867 1952
1599 1424
1461 1509
2361 1441
2313 552
1384 1502
1720 2359
2317 2883
1588 2798
2481 2135
2600 1854
3398 1548
3190 1894
3296 1297
4005 954
3417 1613
2753 1437
2762 1077
2542 968
2953 1111
2873 913
2482 62
2063 929
1213 1885
1403 1647
1728 1510
814 2246
695 2070
492 2072
232 2543
59 1601
338 1950
437 2545
1196 3235
873 3450
386 2612
1049 3245
2045 3385
1404 2512
887 1562
590 1335
1044 1860
862 2580
1734 1858
2156 1592
1401 1575
2217 668
1808 1568
1893 2353
1393 2294
896 1306
164 1611
202 2343
604 2613
53 2781
1039 3600
2002 3204
1251 3624
755 2953
740 2613
1294 2501
1607 1737
1315 2663
1471 2249
1665 1319
2240 1621
2665 954
3414 888
3211 894
2297 1249
2409 830
3237 915
4061 1879
3674 1858
3650 1277
3410 811
3930 1380
3943 1665
3265 1118
2936 757
2649 1539
2523 2397
3407 2209
3629 2918
3111 2332
3189 2793
2561 3667
3078 3209
3070 2919
3501 2332
3729 1718
3809 808
2872 1431
3327 881
3259 1639
2830 2233
2476 1993
2779 2581
2230 3174
3223 2435
2594 3291
2520 3075
1875 3830
1708 3406
2668 3644
1929 3311
1733 3138
1220 3239
1220 3765
1285 3167
1048 2869
643 2522
252 2049
1187 1363
1339 580
364 424
424 1359
1136 962
1323 1584
1541 1692
1445 1278
1020 932
154 766
1019 753
1747 147
1541 802
1342 754
1598 561
1404 408
422 65
423 811
1109 1364
1198 2102
1714 1584
871 2526
993 3453
1849 3072
1847 2168
2540 1281
2021 995
1327 1791
1190 2181
855 3139
98 3897
691 3190
737 2370
875 3116
875 3078
1810 3001
897 3400
89 2577
475 3358
217 2372
803 2598
122 2598
944 2642
509 2269
1074 1943
1407 2838
1109 2412
307 3292
304 2495
1256 3271
1181 3897
700 3697
507 4024
1066 3756
1208 3365
271 3660
706 2785
666 2974
1403 3476
1988 3445
1220 4065
2193 3779
2309 3716
1693 3695
1823 2831
1035 3064
1669 2812
2084 3326
1934 2683
1491 3327
1333 2404
944 1670
783 2077
1559 1341
2077 2215
2631 2156
3308 2355
2690 3291
2070 2762
1321 2119
2044 2581
2897 1852
2454 2671
2656 3185
3070 2190
3866 1486
3509 2111
3931 1240
3477 1723
2898 862
2437 1484
2826 1220
3084 729
2583 984
1904 575
2083 1520
1653 1074
1346 1880
1080 1883
1521 2279
2280 1703
1847 2366
2404 3151
3362 3648
3309 2931
3136 3153
3060 2764
2483 3247
1948 3875
2615 3164
1920 3689
2632 2734
2297 2598
2533 2640
3474 1850
2824 1658
1893 1747
1712 965
1638 355
1745 564
1970 1046
2573 1147
1624 1462
1613 773
2574 1654
2843 2197
2273 2385
3070 1743
2416 2128
1434 2307
1559 2688
2290 3123
3258 2834
3722 3120
3733 3398
3055 3671
3615 2699
3756 3110
3980 3348
3253 2789
3958 2056
3198 2077
3248 2249
2496 1863
1717 2413
2252 2580
1468 2553
1246 1604
2168 1852
2802 1749
2209 2576
2630 3390
2636 3038
2870 3359
3008 3065
2232 4016
1509 3039
1849 3514
1942 3239
2084 3558
1239 3963
565 3470
1550 2858
1097 1911
1501 2833
515 3015
1409 4011
752 3788
635 3245
716 3029
269 2701
321 2536
720 3305
1256 3190
1350 3138
731 3507
451 4034
602 3538
294 4036
582 3689
718 2902
1563 2764
1502 1778
2414 958
3147 1404
3277 1137
3190 1037
3407 201
3532 475
3094 1073
3728 394
3256 1008
2845 1451
3246 696
2334 813
3130 25
2811 270
3238 268
3783 921
3402 233
2511 855
2208 1519
3166 1451
3995 539
3247 1144
2288 1030
3278 791
3766 1702
3043 746
2468 1323
3226 1296
3842 1603
3903 617
3616 453
3262 1281
2882 2214
3616 2726
3706 3027
2933 3713
2104 3053
1372 2416
705 3289
291 2297
799 3033
114 2655
856 3537
1223 3108
847 4045
1126 3077
1080 3909
1576 3393
1476 2494
916 2753
1474 2345
2423 2934
2146 1939
2107 2433
1428 2600
1479 3443
495 3700
1257 3267
671 3121
1557 2765
1488 3336
998 4036
701 3673
1362 2761
1124 3178
1004 2239
747 2934
1513 3054
1989 2598
2697 2180
2915 2720
3691 2619
2714 3285
2901 2634
2592 2014
1674 2833
1500 2564
1807 2540
1374 1580
2132 2235
1686 2012
2002 1038
1253 990
1567 1689
2499 1914
1529 2649
1591 2082
2337 1480
2867 968
3339 313
2498 668
1552 737
1795 1652
2475 938
2565 743
2570 444
3223 1183
3111 1967
4034 2078
3749 1822
3787 1063
2822 1619
3507 881
4076 608
3715 880
2716 1669
1847 1816
2819 1037
2725 1872
3444 1673
2711 1229
1968 2199
1708 2110
2204 2176
2439 2459
2665 3289
1884 3911
1733 3808
2339 3689
2938 3801
2282 3313
2564 2832
2448 2191
2718 2089
3014 2986
2638 2539
2010 2020
1952 2974
1650 3871
2338 3184
2677 3170
2089 3996
2380 3297
2267 2853
1714 3313
1714 3109
1251 2356
1725 2117
2209 2849
2276 3184
2380 3590
3266 2859
3224 3632
2286 2924
2568 3342
1789 3056
1926 2845
2853 3197
2950 2279
2136 2349
2681 3039
3054 2395
3232 2005
3076 2616
2335 3139
2454 3959
2732 3094
2985 2705
3273 3084
2542 3740
1780 2773
2018 2724
1094 2699
852 1701
1590 1075
1875 194
983 1056
816 1789
368 903
1108 1797
792 980
569 1253
1131 1135
1005 1305
470 1761
49 1761
701 2669
1453 3286
2045 2296
2065 2725
2234 2384
2835 2491
3026 1694
3757 1463
2955 2156
1984 2078
2310 1089
2746 1469
1944 562
1527 1280
1436 1992
835 2396
713 1819
1625 2296
1672 3072
872 3763
1842 3080
1449 2848
815 2662
1623 3619
1121 3510
983 2695
464 2601
1188 2598
1378 2178
1199 2588
1321 2951
2074 3270
2384 3867
1643 3320
940 3601
1513 2602
2092 3400
2365 3152
2552 2768
1815 3543
2248 3640
2848 2837
3183 2136
2348 1649
1843 1667
1296 1448
791 1387
210 1471
1140 1500
282 2122
989 2854
712 2451
465 2579
607 3480
1339 2624
2106 1728
1151 2164
208 2546
352 2807
834 2570
1264 3220
360 2265
67 2957
1036 2280
954 2453
1235 3175
501 3638
846 2880
325 3587
664 3293
870 2585
103 3362
260 3843
792 3858
533 3967
883 3574
328 2802
420 3458
1033 2498
2030 2010
1198 1067
2172 100
2758 939
3725 1833
2871 1614
3733 2162
3281 2379
3931 2051
3524 2943
3304 2962
2454 3512
3277 3358
2459 2464
2789 3148
3549 2838
2713 2171
2848 2292
2004 2448
2118 2492
2608 3335
2916 3283
2046 3554
1344 3331
797 3968
1446 3523
722 3820
1448 3443
702 2641
67 3276
535 2482
1137 1758
1729 1986
1692 2055
1823 1244
2679 1632
2364 2307
2485 2551
2510 3054
2060 3569
2576 3521
2684 3047
2542 2185
2694 3117
3415 3633
3278 3288
3309 2309
4040 1329
4018 495
3904 649
3253 1478
2852 1342
3755 1071
3268 1352
2695 2200
2648 1925
2101 1793
2949 1520
2819 1061
2256 394
2622 1205
2771 837
1971 1570
2626 2441
2966 2751
3103 2756
4054 2889
3277 2539
2922 2908
2761 2679
2398 3477
2202 3423
2280 2567
1718 2912
2398 2560
2811 2148
3073 1399
2692 1144
3301 1646
3990 793
3360 1048
3415 1093
2731 1187
3255 1323
3337 825
3859 160
3421 635
2557 1197
1795 961
2467 1145
1710 1701
2035 1641
2974 661
3335 1620
3254 2313
2970 1316
3505 1346
3884 1628
3300 713
2573 1396
2822 2187
3042 2238
2087 2298
2659 2643
1886 2804
1560 2815
2514 2362
1751 2935
1135 3873
453 3485
1354 3971
2062 3178
2145 4042
2033 3212
2235 3517
2941 3929
3330 3003
3920 3400
3372 3654
3055 3064
3986 2559
3422 1724
4068 2546
4029 1553
3198 1152
3707 1172
2802 2152
2341 2157
2247 2035
2877 1869
3718 1196
2725 1512
2547 1610
2432 2135
3044 1477
2855 2328
2369 2793
2761 2249
2081 2633
2910 3372
2533 3757
3433 3135
2508 3105
1868 3243
1850 3491
1272 3788
703 2882
1498 2884
1307 2260
2115 2740
1723 2173
1695 2087
1140 1845
1560 1192
2525 1572
2974 731
3597 1195
2638 1827
2952 1162
3902 1566
3531 2516
3584 1741
3561 2597
3900 3020
3530 3990
2673 3492
2334 3861
1904 3503
2570 3133
2785 3062
1881 2802
2202 2473
1415 3078
2154 2783
2451 2198
1792 2885
1216 2841
2015 2206
1793 3027
2076 2836
1299 3699
1041 3740
1820 3376
1270 2447
1109 3393
1319 3264
1128 2315
1992 2559
1751 3457
1480 3721
1460 2807
2319 2332
3026 2756
2350 2118
3285 1188
3257 1751
3394 1532
3303 2316
3025 2386
2191 2465
2970 2176
2977 1871
2403 2712
2940 1933
1987 1814
1543 1590
668 1222
182 641
550 1126
79 490
275 1186
435 1763
1236 2137
1387 1629
1014 1857
299 2761
642 3199
1543 2513
956 3297
1001 2429
780 1641
1058 2184
1042 1675
512 2631
1085 2689
1041 3390
1229 3487
1323 2726
2180 2072
1839 2972
1154 2860
1404 3178
1872 3657
2133 2804
2828 2460
2426 2638
1495 2760
1650 3451
2250 2823
3240 1834
3244 2604
3161 1820
2198 1410
2847 1890
3092 1834
2938 1700
3222 1724
3635 1057
3491 1792
3335 935
2888 1864
2281 2664
1706 2524
2583 3038
3189 2542
3166 3089
2711 3285
1811 4015
2045 3325
2916 3889
2046 3410
2132 3720
1616 4057
2431 3702
2483 3728
1833 3218
2287 4049
3259 3069
3638 3006
3096 3579
3760 3856
3163 3371
2720 4041
1772 3441
2221 2501
1660 1765
775 1921
1003 2126
812 1649
185 2187
919 2583
203 2201
1054 1739
194 2068
730 2640
504 2301
509 2077
240 2020
584 1573
1380 1304
932 629
1528 328
1892 108
1412 451
1204 1054
782 1850
69 1626
116 713
790 280
1681 583
1037 906
739 876
246 737
1225 703
1021 17
88 546
1047 149
1971 530
976 135
266 699
212 1539
1184 1411
357 699
459 1079
620 2032
1066 2589
1522 3114
2416 2739
3213 2230
2485 2381
1913 1667
1715 1178
1609 469
629 1102
1276 478
988 958
1218 759
1212 525
1036 1247
1784 1978
1444 2969
1644 3243
1327 3503
2228 2833
1684 2190
2152 1868
2794 1157
3425 372
2568 653
2693 388
3171 1340
2659 1466
1917 1543
1195 2409
272 3170
229 2577
880 3219
1481 2970
644 3259
1570 2502
2208 3181
2411 2246
2994 1607
2080 1954
2492 1613
1762 1235
1767 445
1999 577
2980 10
2786 96
2221 611
3202 898
2367 1663
3361 1297
2742 2151
2714 2992
3552 2131
3261 1859
4057 1287
3835 931
3680 461
4003 733
4062 1313
3301 2060
4008 2942
3030 1994
2932 1809
3037 2219
2277 2994
2781 3483
2966 2933
3080 2845
2492 2404
1586 2127
2018 2296
1070 1849
706 2778
210 2361
559 2179
162 2794
720 1981
1000 1093
1811 732
897 573
1203 1220
264 1649
143 1910
730 2778
1028 3453
1719 3029
862 2561
1589 2982
693 3750
1498 2954
914 2173
666 2006
1536 2554
2065 1956
1434 2114
2061 2731
2871 3445
2994 3418
3810 2985
3191 2098
2716 1586
2050 724
2288 1214
2645 728
3404 1101
4062 209
3988 861
3801 1263
3132 286
3880 280
3422 227
3777 1033
2887 292
3177 573
2253 1404
1619 1818
2126 2730
2683 2425
3044 1825
2920 2088
2820 1967
2373 1847
2892 1992
3107 1498
2939 1846
3320 1934
3152 2402
2205 2960
2238 3301
2939 3062
2823 3005
2700 2033
3334 2407
3086 2017
3155 1620
3435 2162
3365 2528
3366 2936
2977 2288
2984 2705
2969 1788
2528 2243
3340 2637
3331 1779
3226 1215
2532 1747
2673 1532
2330 2198
3328 1848
4096 1761
3394 1263
3132 1328
3325 1522
2462 960
1552 1933
1797 1335
1773 1184
1939 2120
2687 1536
1911 2096
1282 1268
1029 704
1993 488
2490 100
2783 383
2961 1362
3774 416
2793 165
2645 281
2619 631
1715 779
2241 529
3093 529
3391 1302
2513 968
2003 769
1993 125
2017 1099
1032 1821
531 1859
1196 1594
1425 2082
1615 2661
2256 1778
2798 1314
2643 773
2687 1279
2246 296
1712 1238
1756 1239
1359 1892
859 1334
1046 1046
1936 1542
2764 1236
3148 1784
2643 2779
2910 3738
1914 3597
2259 4001
2098 3394
2772 2516
2703 1890
2402 1652
3078 2079
3275 2878
2282 1992
2265 1271
1839 364
1090 1343
607 2004
370 2394
427 3149
258 2501
592 3362
344 3738
1134 2841
438 3649
1371 3234
1274 3497
1429 2746
2188 1941
2120 2917
1187 2775
702 1801
606 2629
849 1814
1749 1063
1553 945
990 177
1799 787
1492 782
2109 9
2248 370
1553 745
745 1624
254 666
894 1475
1885 1383
2834 2134
3526 1191
2877 255
3296 974
2427 383
2856 1329
2523 2301
3490 2853
3310 2925
3811 1951
3184 1813
3119 2323
4082 2179
3242 1936
3827 2392
3073 3314
3606 3055
3857 2587
3160 1742
2196 2697
2990 3394
2668 3702
2220 3413
2678 3723
2054 2976
2080 3953
2345 3609
2153 2796
1990 3295
1911 3637
2658 3906
1857 4003
2184 3559
2297 2814
2292 3351
1498 3890
507 3516
898 3472
1875 3242
1359 3422
1694 3325
2168 2936
1421 2666
1810 2451
2789 3431
3781 3032
3267 3549
3358 2750
3852 3624
3587 3678
3317 3035
2809 3466
3344 3901
3997 3661
3231 3678
3423 3915
3268 3081
2750 2501
3456 3098
2713 3157
2832 3784
2931 2976
2061 2010
1582 1275
1326 680
2173 417
1468 181
2260 393
1862 981
2367 567
2955 927
2555 307
2706 735
2287 666
1692 801
916 873
897 1236
1651 751
2039 1387
2750 1025
2485 156
2339 466
1344 1071
467 934
41 627
322 1407
74 2164
826 1513
1646 940
1978 864
2803 1271
3301 823
2782 1048
2239 470
2289 1168
2889 1928
2676 2903
2010 3745
2924 3339
2071 2681
2276 3524
1716 3674
1554 3261
1822 4026
1619 3391
1045 3007
569 3241
1265 2886
1951 2538
1581 2183
2101 2130
1621 1621
2257 2147
2232 1528
2817 2507
2369 2722
2376 3459
2547 3804
2905 3114
2576 2902
2576 2573
3376 2003
2433 1482
1911 508
1959 379
2401 1185
1433 1513
2419 1674
1853 1100
1739 403
1233 332
1236 1129
935 1328
1157 528
1432 1179
1129 1905
676 1654
1405 1929
1045 2441
389 2793
366 2650
1289 2016
954 1497
1310 1306
1285 1119
292 1078
547 793
1144 1652
792 2338
492 2265
146 2756
676 3594
1304 2990
1863 2013
1311 2849
918 3233
523 3399
1068 3387
1383 3064
748 3518
1633 3892
1958 3084
1955 2254
1967 1432
1985 835
1065 1038
1995 822
1910 936
2869 151
2120 151
2308 846
2884 1755
3463 934
3961 1370
3699 1123
3207 963
4078 893
3656 571
3363 1451
2506 893
2671 203
2170 435
1659 572
1179 940
1176 1602
643 2372
312 2923
1209 3174
722 3370
1084 2443
1068 2194
69 2644
482 2077
613 2793
1157 3136
664 3498
854 2774
1470 2806
1852 2564
2706 3264
3052 3525
2837 3156
2984 2157
3443 2028
3457 2351
3593 1986
3912 1824
3057 2094
3394 3051
3481 3335
2584 3511
3513 3238
2797 3672
2182 3159
2967 3975
2593 3163
2492 2774
1981 2000
1106 1176
1918 1230
2026 1866
1854 2333
1929 2934
1318 2764
485 2636
1214 2971
2024 3373
1935 3161
2163 2181
1766 1685
1463 733
1353 1613
1286 2324
1141 1761
1696 2286
2185 2441
1988 2018
1222 1063
1435 1006
1799 1951
1983 1048
1822 1409
1038 1901
286 2140
1166 2285
1227 1876
2143 1507
1961 2254
2183 1707
3043 2076
2697 2367
2268 2618
1873 2871
2154 3418
1367 2575
721 2759
57 3317
129 3131
1052 2226
1223 3195
282 3877
233 3979
1174 3427
1443 2763
2229 2532
2783 2310
2136 3062
1741 3771
1375 2960
1790 2269
1058 2328
780 3143
887 3855
1541 3220
1037 4010
962 3240
260 3188
413 2816
1126 3781
1080 3421
711 3394
1215 3558
344 2860
679 2163
1037 2166
1714 2969
2258 2344
3083 2326
2933 2043
3830 1624
3456 825
2851 1308
3120 843
2722 807
2830 1370
2439 1719
2574 1363
2714 848
3295 130
3567 1117
3749 317
3195 478
2759 934
1999 1082
1069 330
1619 1004
2015 161
1161 632
289 1587
184 1342
72 893
684 825
1045 577
1979 1349
1320 2048
1100 1645
1613 2257
649 2807
1387 1898
814 2136
448 1502
590 1060
540 1105
1247 238
1940 548
2629 52
3098 873
2975 1029
2584 257
2090 705
2935 1664
2999 2569
3956 2673
3439 2838
3395 3505
3658 2846
2701 3749
2892 3107
3756 2712
2803 2263
2745 1957
1935 978
2774 1089
2780 342
3692 226
2719 1092
2026 184
1715 0
883 213
1387 807
1826 905
2021 447
2395 909
1704 1896
842 2575
1203 3331
347 3374
1153 2375
233 2289
1217 1767
1837 2323
2153 1399
1242 594
688 536
765 1353
627 2241
194 2769
478 3511
1165 3905
1955 3543
1451 3395
633 2906
1465 2988
1995 2743
1966 1896
1934 1026
1100 718
508 1500
1431 2150
2170 2223
1343 2501
1463 2069
1027 2912
136 3299
526 2365
1361 2862
2054 2608
3045 2043
3171 1453
3073 1448
3788 1269
3130 1576
2620 1904
2984 2690
3374 3171
2534 2338
3482 2452
3116 2692
2729 2302
2647 3183
3551 3602
2846 3039
2930 2968
3186 2815
3935 3118
3888 3320
3568 2565
2628 2043
2998 2214
2451 1599
3385 1287
3723 1557
2970 2221
3649 1487
3070 1355
3055 852
3254 154
2896 1120
3409 529
2489 1332
2570 565
2595 242
3585 712
4043 569
3597 585
2937 1336
3599 2109
2949 1362
1983 2327
2657 2109
3364 2979
3171 3615
3241 2748
2839 1979
2495 2597
2315 2751
2667 2762
3594 3229
3936 3265
3317 2603
3405 3409
2614 2828
1902 3293
2547 2394
1771 2068
2585 2420
2342 1712
1585 1612
760 2255
1149 2604
1228 2464
2090 3329
2887 2453
3320 2345
2524 2607
3173 3564
3089 3218
3352 2224
3780 1630
3759 2444
3965 3191
3265 2201
2873 1210
3639 2156
3258 2295
3175 1632
2695 2241
2248 1709
2654 1920
3487 2181
3841 2328
4000 1385
3077 667
2941 1103
2635 805
3294 1138
3526 409
3044 1399
3431 1814
2577 837
3487 926
3921 1895
3107 1817
3256 2404
2410 3394
1697 2525
1502 3358
745 2814
892 2147
232 2568
518 3050
1155 2846
2058 3718
1755 2731
2373 3119
1939 3554
1456 2995
1289 3760
1476 2892
772 3314
1483 2452
1547 2553
1269 3547
2217 2655
2617 2933
2069 2649
2430 3399
3269 3783
2410 3154
3046 2456
2788 2885
2804 2723
3039 3023
2529 2596
1642 2782
1678 2004
2078 2881
1595 2812
672 3752
1475 3933
1523 3791
661 3047
341 2766
1150 1808
1175 1156
690 653
1206 1622
849 846
1567 324
1072 422
1876 1117
1842 1068
2469 1579
3309 1221
3709 1127
2749 480
2604 407
2142 949
1539 1821
2087 2064
1332 2945
2281 3770
3095 3043
3582 2879
2972 2357
3553 1825
3961 1170
3249 458
2361 858
1474 892
2411 1252
3091 1761
4072 1621
3983 2199
4015 3152
3607 2559
2908 2606
2014 2514
1999 2146
2906 1460
2083 1297
1308 2144
1520 1519
1744 2444
1439 1509
1128 1453
1474 687
1712 325
2680 1322
3025 993
3630 343
2817 55
3618 244
3946 1111
2961 1092
3429 1175
2568 382
1748 1310
1210 1434
433 919
1276 402
1616 1320
2592 2025
2320 1235
2673 2204
2295 1905
1732 2714
1533 2537
2113 2303
1678 2722
2306 2741
1438 2066
2301 2634
3204 3478
2584 2550
3449 3307
3160 3235
2558 3934
2544 2979
1900 3196
1419 2755
1913 3501
1256 3985
2252 3756
2055 3138
2777 3908
2484 3705
2937 2970
2515 3248
2801 3788
3676 3576
3282 3215
3956 4058
3533 3663
3794 3986
3441 3699
3540 3106
3667 2594
2737 2424
2741 1952
3119 1732
2429 2597
2895 1816
3347 1848
2972 984
2757 1159
3532 1727
3497 1442
4047 1088
3743 1798
3303 1509
3552 1658
2889 2255
3247 1746
3873 2206
3854 2883
3223 2865
2349 2760
2661 3239
2310 3031
3167 2800
2650 2096
2320 1248
2800 1009
2468 844
3139 642
3724 1431
3780 1712
3086 1591
3625 1894
2956 1646
2341 1536
2538 626
2140 1615
2735 1628
2093 1950
2614 1948
2925 2150
2228 2014
2246 2579
3051 3136
4045 2767
3910 3205
3133 2917
3008 3896
3057 3731
2072 3131
1149 3425
1683 3754
2254 2894
1402 3814
1586 3256
1916 2472
2294 2039
2524 1612
2877 641
2185 680
2951 954
2338 786
2881 882
3824 822
3043 449
2987 858
3888 816
3088 747
2637 1284
2667 1481
3582 1823
2871 917
3756 1009
4091 1292
3854 2142
3250 2764
2924 2971
3126 2268
3947 2308
3011 2103
3883 2041
3101 1152
2373 1880
1462 2861
2154 3627
1493 2651
1797 2422
1112 1481
1307 1538
543 1458
1522 1214
2517 1554
3229 2002
3497 1622
2503 1223
2525 1078
1903 365
1496 391
754 876
265 1257
540 1496
1511 805
1700 213
2672 23
1872 15
2238 179
2757 462
1934 1171
1361 1320
1453 2033
1882 1956
2143 1525
1379 1930
1490 2379
1345 1561
854 1215
1728 522
1899 565
2298 270
2551 199
3162 570
2420 1307
3262 2034
3944 2069
3300 2752
2362 3434
2402 2504
1507 1632
1771 1328
2193 1299
1557 945
690 553
253 1326
765 1595
1424 1403
1745 809
1219 1794
547 1497
1433 801
2187 339
1965 634
1922 1527
2181 1228
2046 1650
2877 1816
2994 1278
3160 709
2562 1480
2135 1061
2629 1147
1701 2074
1140 2153
324 2285
790 2612
443 2999
1165 2534
671 3474
1449 3473
1860 3335
1358 2685
1652 3174
719 2572
289 1710
93 2075
360 2108
1030 2111
158 2852
801 2117
1528 1518
1669 851
1313 1743
1228 2064
1505 2564
2044 1624
2905 2497
2269 1993
2453 2755
1882 3228
1105 3552
1673 2893
2629 2559
3465 3229
3442 2336
3911 2875
3608 3651
3910 2812
3613 3625
2706 3028
2887 3375
2300 4080
3220 3836
4008 3865
3086 3620
3990 2883
3922 3230
3344 3681
3615 3018
3052 2963
3235 2343
3285 2165
3724 2972
2856 3042
1916 3545
1259 2688
377 2380
816 3304
370 2707
1242 2949
1560 3526
562 3107
1525 3788
1775 3008
1118 3494
1256 3490
528 3179
1279 3527
863 2852
834 2799
362 2922
687 2841
644 3530
726 3409
1489 3545
715 2870
89 2316
806 2632
732 3459
1580 2952
2491 3215
1802 2819
2497 3670
1521 2784
2437 1861
3036 2468
3583 3150
3259 2841
3472 2193
4018 2880
3187 2011
3840 1379
3394 838
3395 939
3417 581
2653 837
3412 804
3458 1227
3394 1900
3412 2039
2670 2240
2706 2300
2650 2301
1918 1410
1168 719
2152 1588
2860 2111
3340 2084
2514 2670
1875 1924
2709 1271
2096 1687
3068 1102
3857 1367
2862 789
2408 423
2966 1350
3076 1909
3919 2459
3432 2925
3701 2926
3204 2003
3191 2972
3561 3873
2599 2919
1872 2074
1949 1374
1535 907
1286 244
621 667
1533 1502
1429 1734
1740 2387
921 2416
1684 3059
2479 2496
3108 1549
2806 1570
3765 2322
3392 1837
3494 1136
2524 1282
3510 1720
3992 2541
3180 1604
2700 1621
2464 2362
2804 2358
1918 2233
1375 1338
438 870
821 311
1136 695
1022 307
1413 77
669 819
1486 255
1847 912
1712 740
1623 1457
1715 549
966 1097
1939 1220
1970 1326
1882 1082
1382 1518
1690 733
2338 1663
3046 1228
3068 1259
3144 2255
3792 1646
3674 1239
3111 1543
3000 1159
2365 1995
1582 1776
1712 1197
1911 936
2194 1811
2580 2297
2261 2622
2321 2202
1744 2617
796 2094
388 1774
574 1689
46 1676
1025 1178
1957 273
2711 1094
3602 716
3752 461
3075 1399
2139 782
3020 1738
2024 2556
2535 2424
2187 3262
1770 2599
2632 1745
3062 1327
2567 1270
2412 1434
2520 1005
3224 362
3569 703
4021 1207
3684 1621
3187 1058
2359 449
2291 433
2550 384
3444 1128
2811 1056
2266 1345
2581 2148
2659 2641
3237 2334
3420 2716
3374 3266
2569 3803
2753 3409
1840 2884
2152 2147
1155 2362
1495 1476
569 1695
387 2670
1020 3021
1353 2267
808 2163
1711 1529
1009 551
712 623
1664 1252
1895 1829
1423 1923
1967 2848
2712 2924
3669 3178
4035 4002
3065 3060
3818 3605
3397 3285
3929 2717
3833 2212
3841 1830
3302 1631
2515 1117
2069 1941
2581 2155
2179 2946
2082 3863
1837 3901
1414 3627
1616 2970
1614 1977
2489 2071
3009 1278
2035 1806
2262 2651
1422 2139
1607 1194
1663 1518
2286 2444
3155 2329
3015 2836
3088 2655
4049 3297
3941 3062
3072 3021
3431 3496
2553 4006
1675 3640
1965 3025
1780 2932
2648 2339
2947 1417
2998 2135
3865 1161
3517 1235
3722 342
3636 1099
3932 809
2979 1707
3188 992
2199 1771
1650 2348
2356 2107
1955 2540
2733 2292
2834 3038
3083 2042
2340 1525
1847 1615
1758 1410
2190 1265
3093 599
3619 1333
2903 1271
2904 1912
2249 2012
2212 2342
3091 2315
3293 2669
3077 3620
3465 2785
2652 2869
2667 2884
1682 2989
2348 2974
2607 2083
3083 1727
2741 2408
2645 1612
2898 1434
3183 545
3514 274
4003 1136
3855 916
3140 1890
3484 2164
2854 1409
3398 470
2474 1014
2492 482
2819 1144
2543 1594
3094 1269
3885 2082
3905 1899
3805 2499
4046 2171
3245 1388
2349 1878
3284 2160
2566 3032
1832 3694
899 3235
1147 2302
1643 2571
1028 3171
1761 3360
1111 2372
654 2859
1424 3268
2012 3339
1237 4068
1893 3841
2548 3170
2005 3176
1119 2222
1959 2775
1669 1908
817 2780
1337 1955
2079 2482
1111 1547
688 1259
1047 469
1686 844
2566 1358
3318 1961
3938 2586
3138 3185
3474 2715
3234 1977
2406 1289
1691 758
748 239
890 861
189 1042
583 1683
224 1061
119 357
596 183
41 368
952 1131
1666 551
813 1089
320 1264
1168 826
1388 694
1000 948
964 768
1067 143
1479 210
2046 474
1842 1063
2789 812
1846 469
1501 1422
2046 1410
1977 2387
1801 2266
957 1819
846 2398
447 1846
225 1197
1009 1698
1683 2147
2647 1583
2698 2459
2650 2600
2596 2919
3493 3315
2514 2450
3182 3151
4083 3266
3191 4013
2805 3349
2211 3935
1501 3046
2435 2307
3135 1417
2179 2398
1855 3106
1621 4047
1895 3177
1835 3197
1896 2880
2195 2973
1552 2221
1600 1567
910 1149
390 385
986 1367
1815 1453
1799 1265
1917 1991
2617 1698
3508 1285
3874 590
3708 255
3148 446
3749 1173
4076 1715
3973 1140
2985 1080
2733 957
3209 1867
2506 970
2759 1514
2678 2487
2329 2966
2550 2753
3194 3592
3520 2603
2595 1813
1666 2140
2160 1745
3093 1856
2627 2092
2096 2205
1534 1962
2470 2869
3206 1950
3126 2064
4064 1770
3509 1824
2958 1370
3655 1021
3301 1202
2571 492
1719 1462
1696 2292
2694 3273
3542 3277
2651 2332
2956 3247
2354 2716
2694 3463
3186 4083
3425 3168
3789 2992
3205 2321
2838 2018
2328 2091
1413 2642
962 2279
1796 3182
1770 4031
1246 4065
1557 3082
1778 2964
892 3386
650 4092
1352 3207
802 2264
662 1503
287 2286
893 1747
806 2388
880 2862
1667 3624
2625 4005
2576 4001
2642 3212
2037 2277
2097 1639
2167 2343
2032 1835
1351 1437
372 1441
406 729
1371 88
1717 1035
1941 1870
2056 1761
1288 940
1784 893
2469 1562
2175 944
2801 1141
2839 407
3415 1278
3480 2196
3746 2515
3541 3059
3593 3606
3919 3378
3004 4053
2805 3724
1829 3065
1649 3575
653 3988
854 3235
1712 3792
938 2952
272 3199
1064 2458
1739 3243
2017 3762
1093 3613
200 3985
746 3011
1046 3050
1488 3457
2401 3373
2523 2578
3001 2880
2474 2185
2567 2122
3161 2267
3640 2388
3111 2560
2139 3290
1722 2681
2323 2171
2814 2542
3582 2135
3404 1869
3377 1432
2946 799
2101 1712
2038 741
2712 1326
3698 849
3255 57
2401 359
2464 945
1873 1726
1286 1076
727 1792
1599 1421
1963 2385
2432 2953
2630 3687
2649 3286
3016 2903
2422 2725
3332 2544
2477 2245
2733 2562
1740 1881
1993 1619
2503 2477
1837 2028
1381 2534
2165 2524
1635 2536
1797 2337
1463 2791
854 2856
1173 2123
2082 1874
2802 2818
2710 3756
2574 3961
2989 3243
3210 3227
2970 3309
3774 2495
3750 2428
2879 1958
2977 1144
3237 1396
3987 2039
3217 2290
2837 1782
2873 2366
1964 1979
1467 1265
495 640
259 1167
1201 1182
2010 1900
1493 2591
613 3007
65 3696
1017 3267
1467 2753
499 3520
1324 2891
1512 3633
1018 3855
1484 3303
645 2736
206 2593
1102 2449
1290 1681
363 2220
1329 1445
346 1892
660 2283
1049 2844
960 2356
1884 2055
1327 2459
1419 2656
1187 2657
568 1661
504 1261
621 2023
1193 1842
1857 1103
2633 354
1947 1319
1777 904
1747 1843
1601 2007
1433 1287
740 465
1391 936
658 1598
1557 914
971 7
1036 996
514 1269
749 509
698 630
1549 696
725 1605
527 1689
794 2532
83 2322
433 1359
1231 595
1946 135
1283 200
1170 528
251 1475
581 1439
910 992
1418 1161
2145 976
2251 125
1544 814
1180 528
1331 31
995 872
457 1640
1308 1545
814 673
641 382
1386 417
1718 1211
2348 1894
1907 1209
2826 1789
2883 1723
3242 1495
3396 523
2419 349
3099 1267
3645 790
2647 1494
1725 1807
2471 933
1636 879
2164 1288
1268 2228
565 2406
794 1579
1780 1790
1506 2448
1254 2597
727 1786
1636 2608
950 2439
417 1567
1219 1981
1792 1333
1353 404
395 1098
208 1504
1045 1602
2005 924
1817 882
1619 354
761 55
1423 607
1212 307
1220 897
1402 35
1306 479
745 1264
1732 1244
1956 1300
1408 565
1468 1359
558 1941
1542 1245
660 847
575 1231
886 1251
606 1706
1415 754
1971 72
1274 512
1653 1457
996 1045
362 964
216 123
755 487
122 654
472 1582
1097 677
1692 807
2364 51
2113 846
2791 1670
3636 1339
3191 423
3320 1035
2881 583
2757 438
2452 148
3448 366
3827 558
2882 1429
3318 2312
2320 2327
2863 1549
3725 2259
2994 2759
2935 3191
3346 3423
2409 2775
2960 1925
3497 958
4012 264
4016 1136
3573 1070
3297 393
2694 1091
2292 1888
2837 911
2681 1659
3485 2299
2680 1378
3209 2347
3937 1617
3519 1052
3965 1858
3573 2141
2673 1666
2539 2280
1824 2811
1840 2704
1838 2919
1757 1924
797 1407
1208 598
1291 1346
2270 561
2491 103
3089 960
3294 638
2295 618
2132 696
2107 276
2748 748
1986 1532
1504 1590
1338 2245
2102 2392
1803 1906
1930 1400
2623 1433
2788 1835
2731 1002
2317 1687
3165 1223
3053 1244
2530 304
1733 398
2249 1199
2216 783
2915 1037
2599 1385
3167 565
2367 125
3189 761
3091 1561
3259 1348
2528 701
2702 600
2114 1590
2571 1083
2936 1001
2438 1377
2982 794
2242 1601
1653 2468
1950 2158
2689 2616
3131 3329
3592 3411
3416 3137
3528 3290
3896 2420
3122 1547
3753 2213
4049 3072
4012 2946
3195 2561
3794 1868
2880 1359
3219 823
3396 132
3553 1021
3113 181
3169 1162
3349 697
2758 1273
2975 1432
3457 1148
2864 1883
1954 2734
2009 3231
2445 3341
3347 2554
3138 1641
3020 2508
3814 3220
3224 3031
3564 3405
2656 2607
3228 2400
2588 1791
1640 1954
1246 2573
1206 3061
663 3323
1602 3871
1410 3596
2112 2889
2170 2021
2300 1399
1727 656
2169 1033
2163 1636
2340 1098
1511 188
1865 346
1077 455
1621 1295
2314 801
1799 1674
1974 1510
2377 2200
3080 3044
3735 2857
3231 2969
3082 3478
2134 3511
1849 2599
1718 2085
1988 2953
2145 2517
2837 3421
3363 2785
2578 2871
2050 3853
1225 3296
281 3960
1113 3298
1489 3101
2337 2837
1840 2868
2623 2433
3213 2818
2856 2677
2411 1753
2651 2532
2337 1766
2700 2701
3378 3602
4015 3327
3354 2475
3490 3071
4010 2307
3089 3171
2184 2557
1486 2032
1701 2984
1530 3867
2034 3538
1175 2938
1924 2847
2186 3053
1655 3168
2305 3209
2740 3296
3403 3890
3232 3320
3926 2844
3321 3156
2558 3346
2051 3332
1393 3347
807 3065
364 2731
892 2777
810 2766
633 3107
216 3186
836 3753
791 3115
534 2612
969 3566
468 2707
436 3240
833 2456
905 1582
1556 969
1205 807
1726 1049
1095 1660
498 2071
707 2511
118 2300
372 3207
1130 2236
492 1914
1052 1891
359 1778
1307 1356
1972 1562
1774 1399
2182 1021
2942 1550
3903 1084
3472 574
3598 1569
2803 1553
1912 2529
1997 2655
2024 3056
1419 4020
2133 3481
1501 2523
1854 3020
2149 3127
2443 3205
2720 3100
2574 4093
1677 3265
1496 2303
1203 1445
628 966
1571 1188
1080 1324
1761 2122
1632 2668
2120 2730
1710 3507
1408 3542
2281 3552
1536 3256
1071 3676
607 3544
810 3357
1143 3915
1327 3035
939 3737
400 3120
820 3184
515 3436
420 2698
134 3059
278 3125
1118 3110
1480 2297
876 1801
1793 2373
2268 1474
2635 1299
3170 1717
2669 1310
2479 1937
2076 2695
1260 3345
1086 2833
1103 2719
733 2574
563 3381
983 2596
1035 2366
292 3312
740 2430
1568 2208
1599 1597
1067 1446
1439 1825
1519 1539
860 1676
1833 2029
2544 2094
3382 2078
2389 2185
1555 1475
1831 591
1501 1387
952 1862
662 867
790 869
1682 1833
950 2460
607 2000
1195 1669
1083 1086
394 714
319 911
207 887
1164 1652
1012 2031
1553 1368
1376 1263
1167 1617
242 840
115 1656
455 1638
38 643
188 1475
753 1547
1734 1610
2676 1224
3002 1864
2324 2738
1734 3072
1733 2864
2450 3498
3277 2581
3217 3165
2829 3068
2021 2751
1123 3511
381 2598
976 1858
3 1224
281 1235
603 1189
556 2031
43 1823
683 1364
13 431
333 201
157 1088
665 204
781 230
955 578
1369 70
1328 622
1914 1488
2902 664
3249 1553
3950 1616
2972 1921
3585 2631
3451 3011
2626 3382
3477 2433
2851 2778
2591 2836
2816 2896
3645 3566
2819 2685
3192 2449
3726 2157
2967 2398
3932 2322
3817 2729
3109 2639
3724 1982
3860 1747
3001 1579
2647 1295
3540 686
2775 703
3742 1446
4047 1410
3585 875
3713 923
2991 249
2346 420
1995 57
1723 792
1683 1616
788 891
859 214
795 535
486 7
1172 687
1200 1378
2053 1209
1963 577
2230 1210
1322 1339
387 369
1241 281
1737 405
828 492
1525 444
964 821
700 1671
489 952
1083 862
1876 503
2080 1261
2550 810
2543 286
2673 1253
2664 928
2726 1603
3631 1707
2930 1417
3606 2376
2879 2500
3470 2463
2860 1826
2794 1988
3672 2889
4061 2630
3737 2966
3674 2653
3032 3571
2650 2960
3143 2453
3738 2129
3322 2956
2798 3329
2467 3240
2370 3961
3052 3895
3008 3801
3513 3154
3463 3014
2675 3859
1830 3193
1586 3470
1424 3575
1897 2886
974 2772
1679 2241
1505 2421
1095 2811
1318 3680
329 3177
773 2429
184 1466
647 1424
32 1115
877 1663
1847 1682
1715 2425
2704 1902
2391 1504
3004 1841
3779 1899
3857 926
3256 537
3154 1225
2338 1070
2072 1356
1957 1318
1380 2238
1421 1372
1105 572
1476 1238
811 2205
37 2679
1017 2239
1467 2028
862 2683
1559 2065
666 1985
1600 1029
2007 1357
1318 936
597 220
267 567
923 380
1585 1287
2235 376
2180 1192
2492 1684
1715 2319
1709 2166
2700 1896
1811 2773
2067 2841
2028 2508
2027 2018
2342 2633
2939 3527
3377 3034
3707 2247
4014 2229
3839 3065
3325 2183
4037 3156
3148 2436
3319 2943
2743 3172
2550 3372
2088 2474
3042 2553
2063 3497
2535 2539
2647 1610
2867 2221
1895 1804
2834 1065
2992 1359
3215 2337
3701 1484
2857 2269
3092 2086
3529 1277
3209 1587
3821 606
3410 1304
2558 1890
3494 2691
3441 3142
2823 3316
2798 3041
1863 3098
1886 2663
993 1878
136 1158
929 553
1279 318
1696 1235
807 2084
227 1797
250 2345
1058 1860
1697 2172
2598 2345
2035 1698
2612 2103
2740 2056
3452 1299
2628 2016
2776 1499
3214 816
3289 1683
2991 1414
2342 597
3299 945
4091 223
3127 958
2894 711
3789 140
2853 693
2030 1476
1942 2446
2680 2971
2138 2551
3067 2997
3701 3688
3476 3199
3735 2481
3083 2555
3271 2701
3158 2102
4092 2292
3759 3105
3415 2989
2492 3150
2609 2316
3276 2727
2911 3437
2046 3186
2481 3299
2835 3312
2554 2465
2693 3225
2082 3492
2688 3683
2984 3204
2968 2504
2440 1695
2362 1562
2446 2160
2835 2374
3666 1382
3189 1483
3453 1102
3106 423
3129 1053
2366 108
1579 265
2192 1018
2874 1474
2754 1067
2351 2020
2115 2888
2476 3138
3374 2961
3292 2182
2426 2246
1690 2566
2459 3027
3338 2623
3593 2978
2873 3244
2967 2534
2218 3120
3192 2861
2277 2967
3013 3418
3498 2447
3952 2527
3241 2733
2443 2240
2649 1428
3098 2008
2594 1157
2930 373
2554 1026
1947 408
2737 991
2914 681
3606 1165
2837 1806
3015 1486
3490 1862
3353 2145
2633 1325
1896 1372
2837 2331
2215 2683
1541 2611
1345 1959
2133 2047
2452 2043
2185 1360
1713 831
2422 904
2021 1304
1159 1665
222 2232
1157 1636
893 2253
1717 1268
2080 1157
1301 861
2250 1141
1316 878
327 118
872 783
1803 1264
1342 1249
958 869
1713 576
2031 1261
2507 1352
3114 1023
2651 1652
3246 2605
2441 3421
1654 2696
1285 2364
739 2916
355 2731
210 2887
445 3842
1283 3223
1487 2555
1454 3306
1624 3601
630 3970
943 3206
1110 3524
1914 2773
1922 2993
1233 2607
700 2252
1327 1813
1719 921
902 1148
885 1376
705 1815
1568 2304
2039 1521
1983 1271
1477 1085
1418 1011
996 244
1453 802
1640 106
2297 801
1933 1394
1202 1076
499 1773
1265 1494
1160 1406
1266 1061
431 525
330 901
1089 1345
2018 1831
1684 2521
1718 3474
1136 2935
1385 3005
2055 2115
1664 3091
2364 2849
2593 1872
2648 1078
2400 1900
1509 1090
1893 1244
1391 306
2276 1051
1711 54
2365 204
2059 944
1511 572
1621 1549
1532 936
1634 1285
2055 1579
1145 1660
1366 1532
861 997
415 415
1101 426
1671 1234
1754 2106
2534 1312
1998 874
1180 264
581 914
163 853
857 720
1272 1578
576 966
725 296
1205 485
563 1437
1423 738
2144 137
2478 804
1929 83
1293 217
515 590
197 500
699 1136
30 1880
238 2436
966 1586
181 2431
937 2506
1799 1871
2028 2396
1470 2505
1057 1653
1274 2501
515 3364
726 3483
697 2924
209 3365
36 3156
671 3454
1327 3961
2134 3782
2694 3333
3050 2566
2864 2308
1888 2105
1832 1949
1376 2089
606 1881
1038 1772
1913 2280
2653 2144
1683 2318
2417 2976
3225 3828
4007 3946
3842 3629
3274 3879
3802 3067
3090 2849
3075 2243
2808 1919
2504 1150
2671 586
1841 453
2447 310
2822 674
2282 1367
3159 2061
3243 1730
3643 1602
3749 2114
2837 1618
3090 1251
3728 451
3338 452
3641 139
4023 423
3513 806
3253 884
3595 920
2746 1076
2000 540
2331 1161
1827 1776
857 1290
571 447
76 121
412 675
1162 323
202 706
869 1359
225 750
652 1235
252 1037
1010 1210
1979 2017
1108 2889
1941 2643
1304 1761
744 789
1741 676
2628 669
3227 79
2697 424
3492 654
3839 672
2921 1635
3080 2426
2400 1458
2878 1279
2509 891
2420 382
3162 868
3088 1778
3210 2074
2491 2378
2730 1694
3128 1244
2195 1956
2884 1040
2714 491
2853 756
3812 766
3093 1657
3808 1125
3704 485
3538 1421
2554 2355
1729 2573
1493 1808
1417 1030
2102 574
1110 791
1882 1296
1129 1035
1110 378
686 1040
726 349
1286 696
388 387
342 946
1159 1521
360 1693
1238 886
2115 121
2920 1064
3089 1440
2848 1486
2030 1821
2889 2813
2686 3569
2430 2797
1688 1871
947 1727
582 1416
1540 1730
659 2133
1614 2077
2338 1847
2469 1379
2804 2115
3433 1540
3784 2085
3541 1510
3255 2452
4036 1780
3298 1146
3515 1672
2763 2007
3353 2747
2364 2945
2330 2868
1482 1890
625 2350
1437 3124
1095 2151
656 2480
979 3030
781 2785
1137 2799
841 2323
653 2589
694 1727
1678 1123
1653 256
2213 397
1894 1276
1588 1817
1976 2273
2354 2328
2131 2994
1713 3770
1427 2851
573 3004
1040 3039
588 4030
631 3440
1504 3101
2487 3878
2395 3500
1411 3315
566 3876
1290 3596
840 3089
1551 3156
1339 3875
646 3997
1531 3049
658 3858
92 3618
144 2777
719 3722
941 3346
468 3125
1201 3613
1391 2634
2386 2834
1526 2881
1878 2802
1972 3763
2807 3366
3023 2431
3758 2734
3699 2417
3604 2743
2801 1935
2556 1534
3350 2198
3111 2630
3109 1943
2227 2387
2677 2808
2121 2820
1906 2393
2695 2198
3287 1313
2505 715
3076 1644
2717 1637
3170 2211
3276 1696
2597 1069
3380 1869
2699 2006
2745 1424
2909 1771
2446 1911
1820 2815
2549 2505
2585 2306
2271 1756
1920 1231
2540 1232
1748 1151
1293 1117
1053 1424
194 937
791 1274
1103 1773
551 2273
171 1934
14 1345
947 2013
1566 1377
1250 1287
596 1554
288 870
1065 1814
282 1366
40 721
449 855
928 969
1896 591
2020 185
1685 972
2601 801
3013 1411
3406 1224
2493 285
3251 758
3378 322
2412 1036
3403 1975
2689 2291
2132 1824
2845 2463
2852 3052
3413 3761
3416 3761
2581 3423
2307 2881
1914 2644
2711 2479
2956 1895
2189 1450
2321 569
1602 1482
2145 2212
2485 2215
1950 1683
2840 750
3513 918
2718 232
3305 1171
3222 809
2830 1185
2969 237
2979 1219
3906 1558
3836 2050
3740 2104
3782 2041
3124 2958
2614 3573
1712 2821
1504 2113
2372 1150
2377 943
2449 213
2305 714
2713 303
3641 1285
4000 1313
3832 392
2877 511
2419 843
2974 226
2282 1115
1965 414
1612 1040
1214 980
1684 19
1701 139
1478 368
1749 1216
956 854
1744 1177
1438 1775
460 2764
532 2005
1371 1142
1454 1894
1503 1298
1729 850
1460 508
783 14
87 408
1025 852
299 122
45 294
1012 1045
1972 1381
1354 2331
1066 2146
691 1966
121 2078
724 1803
985 2118
1775 2859
2068 3001
1658 3821
1596 3476
2342 3692
1747 2774
2407 2660
1871 2159
1617 1593
767 1033
868 895
1323 851
1786 522
1485 864
1146 1795
343 1845
794 1315
1760 1271
822 420
1745 1039
1539 311
1033 1298
1324 2203
345 2961
1208 3774
1664 3355
1333 3642
1623 3385
772 2459
392 2976
227 2346
805 2315
867 1588
729 2515
958 2255
103 1860
549 2308
29 1466
552 726
1157 915
1628 300
1875 587
2666 1385
3198 1128
2254 1851
1406 2273
409 2438
1077 1920
1333 2407
1836 1796
2191 1666
1847 1694
2414 2098
2231 2070
1424 2576
866 1614
1446 2533
490 2549
93 3215
490 3777
1477 3382
2158 3765
1201 3381
2095 3883
2974 3226
2941 2238
2811 1337
2932 995
3308 917
3677 974
3149 412
3770 1268
3286 994
2375 963
2723 1957
2089 1654
2979 2076
2747 2541
3321 1700
2423 1745
3307 826
3682 184
2873 799
3836 1500
3338 2323
3693 2400
3786 2829
3297 3795
3292 3185
2702 3812
2687 3171
2463 2811
2055 3688
1080 3911
2003 3228
1604 3403
1623 2838
2097 2537
1261 2740
1261 2264
1867 2819
1100 2723
1899 2400
1462 1452
637 2085
1470 1819
1517 2796
1979 1820
2486 1183
3400 2110
4030 2321
4009 1488
3369 2458
2518 2949
3263 2494
2321 3435
2633 3330
3590 3659
3328 3175
3158 2179
4092 1750
3358 1025
2944 760
3736 1653
3388 2230
2806 2862
2375 2448
1467 3111
686 3270
1097 3866
1282 3939
1908 2981
2474 3946
1643 4064
1498 3960
1983 3627
1642 3159
2272 2675
3090 3211
2747 2359
3333 2805
2761 2896
3692 2394
2971 3257
3394 3838
3712 2924
4084 3488
4068 3873
3191 3520
3666 3097
3951 3138
3604 2757
2610 3411
3145 2863
2537 3384
2214 3813
1805 3990
2129 3864
2888 3845
3119 3136
2596 3241
2826 2722
1891 2400
1865 2908
1522 3542
1653 3951
1334 3142
688 2649
1391 2154
987 3119
509 3666
1359 3732
1987 3162
1992 2281
1296 2506
1701 2865
1395 2277
654 2131
1638 1475
2271 1054
1481 519
1694 416
1526 1387
986 1929
1874 2020
1058 1888
1088 1038
1065 543
180 81
481 550
1164 680
1602 1575
2247 1309
1728 1295
1397 1493
1226 949
1903 798
1894 1777
1401 2674
1657 2631
1983 2275
1759 3208
2279 3088
2253 3087
2646 3540
2943 3583
3030 3571
3580 3555
3523 3253
2765 2268
3227 2969
2251 2373
2939 1937
3028 1864
3046 1061
3944 948
3124 1680
3040 1873
3542 1532
2559 868
3097 1750
3818 1345
4016 2147
3356 2793
3620 3739
2869 3979
3414 3206
3465 3874
2770 2934
3270 3544
3998 3488
3043 2576
3398 2216
2414 3191
2533 2486
2544 3484
2499 3134
2575 3891
3259 3544
3300 3564
3825 2711
3971 3464
3411 3017
2417 2863
2278 2910
1725 2131
951 2432
1210 3297
268 3958
911 3455
1102 2578
744 2907
429 3344
733 3665
194 3020
1021 3795
1235 3697
1073 2876
679 2624
1378 2390
1413 2222
1317 2505
1102 1978
1431 2108
965 1533
251 1696
99 1315
660 1612
687 844
939 998
461 1220
269 342
278 1136
584 1045
229 1555
746 2058
1647 2076
1047 1263
1567 890
1495 971
977 227
1690 633
1874 401
2464 974
2219 1248
2739 1470
3028 929
3984 467
3370 303
2439 621
2534 1364
2841 1458
1869 2147
2207 3116
1872 3065
1290 3470
1670 2990
2582 3424
3522 4061
2842 3786
3566 3103
2826 3171
3110 2332
3529 2559
3135 2632
4000 2190
3282 2321
2299 1434
2811 1848
3474 914
4027 702
3444 411
3853 1351
2896 807
3778 1495
3572 2364
3216 2212
2863 2846
3761 2923
3128 3189
3561 3959
3081 3539
3679 3291
3246 2390
3755 2205
3986 2862
3363 3624
4009 2790
3160 3073
3573 2682
2988 2492
2535 2181
2220 1878
1602 2147
2526 3054
2653 2519
3506 2191
2822 1877
3353 1174
2887 992
2001 1985
2398 1656
3325 2576
2562 2868
2056 3723
2758 3946
2252 3737
2132 3380
2561 3919
2928 3144
3064 3179
3631 3338
2870 2372
2071 3214
1269 3460
758 2722
981 2379
201 2695
569 1915
1273 2143
1353 2340
1060 3063
1021 2215
1978 1482
2355 1828
3001 1492
3909 1813
3392 1481
3176 2271
3122 2216
2767 1808
2943 1682
2689 1380
1811 1290
2075 1628
1107 1485
578 2241
982 2404
1851 2259
2684 2910
1818 2806
2372 2784
2758 2444
2775 1608
2654 2398
2909 2750
2926 1982
3438 2406
3304 2600
2461 2721
1748 2423
1584 2968
1764 3847
2725 2961
3280 2122
2346 1566
2484 2016
1837 1610
1085 1473
992 2151
1824 2712
1737 2350
2735 2683
2591 1792
3266 1327
3870 1734
3537 2698
3293 3577
3593 3894
2714 3760
2396 3080
1834 2716
1162 2400
1427 2701
1338 3109
646 3617
1614 2699
1553 3348
1250 2894
898 2755
539 2536
1092 1833
830 1511
531 2094
1094 1441
411 702
60 1427
599 1420
1283 1678
936 1310
348 341
1104 1220
1446 1571
1331 1328
647 2193
1445 1747
762 1263
1208 1684
1814 1854
1728 2218
863 2527
626 2641
56 3448
440 3337
911 2862
1158 2074
1709 2986
2471 3318
2121 2842
2688 3769
2212 3338
2008 3767
2925 4010
3508 3378
2733 3355
2906 3597
2054 2642
2620 2701
1910 2833
1267 2500
1016 2680
35 2208
781 2669
660 3422
1047 3271
119 3322
71 4054
881 3586
1776 3125
2396 2460
2324 3169
2748 3631
2554 2969
2905 2637
2518 2045
2391 1850
1710 1726
1034 837
986 1822
613 2492
1371 2116
1467 1623
1494 2614
1203 1860
2029 2173
1901 2056
1745 2013
1655 2299
1293 2087
2103 2026
1537 2550
1803 2830
1766 3772
2471 2858
2127 2970
2560 3319
1694 2692
926 2487
1892 3442
1750 4045
2347 3125
2420 3891
1585 3092
1087 3287
598 3053
1255 2508
1316 1725
1717 2273
1088 1556
1474 1557
1444 1842
1730 2330
1242 2764
1317 3374
692 2630
953 2549
1436 3224
1512 2527
2502 1799
3400 2116
4074 1673
3897 1881
3536 1359
3540 2051
3047 1761
3111 1202
3404 432
3475 1076
3837 1906
3758 1723
4028 2721
3994 2602
3712 3269
3564 2386
2978 3108
3218 3655
3251 3138
2962 3809
2418 3473
1663 3936
2354 3984
1947 3034
2606 3501
3282 3204
2302 3618
2267 2691
2943 2110
2796 2453
3786 3177
3050 2285
3861 2801
3069 2979
2847 2495
3750 2327
3242 1613
2550 1519
2665 633
2739 336
3537 1131
3929 1524
3162 1540
3597 2101
3350 2252
3298 2188
2563 1951
2285 2809
1326 1863
490 1958
1110 2368
953 2669
1853 3491
2491 2743
2775 2280
2864 1763
3249 2607
2638 3231
2070 3747
1394 3303
1902 3589
1026 2738
1298 2189
1236 2669
1794 2275
2787 1827
2684 1656
2026 1169
1433 1535
1958 1493
1327 1693
1671 944
689 1554
1578 1045
1841 369
1810 716
1681 464
1404 1004
1645 1905
1447 925
889 100
977 923
123 726
851 1417
842 663
257 209
1067 505
743 1128
1231 225
1164 593
964 1025
9 1541
55 1088
48 89
899 173
1776 444
961 824
756 1787
922 2699
1213 1779
622 2345
1422 3284
474 3458
730 3239
956 2313
439 1951
591 1263
1310 1594
2139 836
1947 1773
1391 2019
982 1516
644 2454
1201 2250
932 2629
261 1777
486 1959
154 2573
654 2995
235 2618
568 1900
1438 2156
988 2596
439 2575
472 1833
1126 1057
1735 1028
1178 1265
1769 1639
1708 1214
2356 2126
2588 1320
2094 920
2528 824
3039 175
3445 1007
2568 513
1745 350
2350 750
3040 952
3732 99
3365 155
2397 642
1973 392
1153 802
1044 698
1882 1022
2838 1240
2232 2168
1473 2280
1477 3143
2034 3480
2885 2961
2790 3907
3748 3278
3118 2485
3849 2070
3903 2513
2970 2227
3766 2254
3690 1377
2854 698
2093 300
2362 470
2504 871
2200 893
2424 1698
3009 1428
2501 442
3219 1066
2822 1252
2554 1223
3532 333
2708 706
2924 550
2113 78
1309 296
1430 913
932 1847
59 1550
851 837
1243 1686
1390 1330
443 1185
1182 320
1657 1240
2175 1786
1528 1201
2140 993
2652 109
2426 658
2518 568
1873 309
2174 745
1478 1465
2404 2385
1598 2077
2279 2902
2053 2744
2757 3282
3379 3359
2451 2604
2101 2552
2623 2603
1664 2586
2562 2500
1805 1614
1252 832
1401 628
2322 1280
2115 1703
2400 1183
1635 676
2276 1346
2029 1374
1493 1579
765 2477
1389 2559
959 2760
1399 2142
1535 1610
568 1375
1240 1106
2227 388
2267 859
2277 1098
3172 1886
3168 1140
3568 1210
2713 730
3507 1688
3201 1418
2891 849
3312 938
2591 432
3511 1329
3057 2285
2347 1605
2185 1376
2609 946
3407 1895
3854 2854
3069 2811
2707 3732
2190 3885
2535 3952
2605 3227
2030 3722
1159 3245
819 2843
838 3079
46 3786
141 3564
726 3797
1596 3408
2067 2498
1204 2679
273 3189
118 3496
791 2767
1320 3487
489 3050
817 3384
961 3512
484 2528
415 3251
1356 4023
1951 3587
2666 2865
3610 3634
2807 3072
3242 2513
3585 2921
3264 3552
3270 3308
3476 3806
3709 3037
3126 2350
2850 2994
3633 3280
2797 2368
2443 2442
2935 1892
2945 944
3891 118
2972 851
2290 810
2383 20
3254 251
3999 465
3493 1440
2600 2084
1955 2371
2813 2950
3109 3069
3951 3627
3244 3572
2554 3722
2154 3090
1982 2249
1275 2807
575 3551
134 3486
1111 3710
318 3239
1295 3273
1090 3293
1920 2301
1209 1526
1955 2483
1708 1814
2566 2219
1816 1387
2080 393
2859 661
3030 1335
2757 1547
2193 973
2077 1846
1462 1123
821 1371
1000 2339
341 3149
1114 2983
1114 1995
1771 2301
1383 2832
1514 2930
1568 3614
1184 3805
1605 3158
2457 3570
2281 2663
2627 2004
2328 1992
2881 2451
2425 3365
2231 3541
1268 3728
1271 3577
1347 2693
506 3338
1488 3617
1570 3445
1849 2758
1197 2825
1069 3581
1733 3821
2460 4084
2578 3131
2873 2638
1887 2983
1700 2084
874 2026
606 2121
1116 2430
1476 3278
903 2401
121 1489
245 2154
1154 3097
271 3709
446 3172
552 2218
314 3028
1249 3776
2089 3053
2888 3963
3303 3651
3481 2663
3039 3500
2645 2522
1940 1686
2404 1638
2957 1407
3082 1440
3317 1683
2467 1655
2884 1487
3660 774
2984 236
2078 729
2834 1521
2999 1926
2658 1015
3570 578
3023 416
3299 84
2691 238
3307 628
3716 1211
3140 249
3075 735
2671 1564
2255 2317
2837 1793
1918 1430
1558 2425
1029 1741
1218 997
282 1470
637 1921
952 2903
1624 3707
2370 2940
1378 3768
1873 3030
1481 2810
1310 3372
1503 3457
1370 2769
1774 1982
825 1480
1754 2321
2262 3094
1326 3824
944 3031
1395 2100
1517 1645
661 2330
1567 3208
1216 2381
262 2036
752 1420
38 954
633 1023
1529 865
1355 644
686 695
696 892
107 494
959 679
1272 623
573 252
1542 120
2463 803
3462 1278
2680 588
3324 945
3192 1517
2333 2410
1645 3098
1130 3048
543 3432
90 3687
511 2780
481 3518
1405 2835
2147 3625
3048 4084
3487 4070
2839 4022
2292 3283
1980 2516
1737 2183
1524 2170
1491 2060
2053 1151
2485 1265
2742 623
3617 348
3000 1257
2620 1220
2713 1211
1746 364
1211 519
607 684
1420 459
1333 917
1541 1873
1574 1045
2268 1595
2595 1435
2615 1901
2869 2255
3811 2562
3308 3527
2452 3155
3130 2236
3194 1442
2965 1238
2509 1174
2151 1846
1824 2650
1539 3035
2065 3513
2795 2879
2335 3325
1844 2496
2007 3422
2951 2675
3088 2330
2852 2664
3718 3084
3690 2871
3432 3354
3840 4071
3990 3227
3067 3139
3670 4024
3453 3544
3016 2635
2776 1964
3238 1114
2945 289
3407 847
3723 908
3234 681
3781 898
3432 1036
2928 1160
2416 1876
1806 2762
1024 2319
325 2668
891 2637
671 2364
1353 2306
1666 3269
2013 3387
2767 3496
2558 3326
3235 2369
3206 2486
3773 3351
3261 2675
2403 3385
1471 3536
2108 4014
2803 3359
2947 3184
3642 3090
3136 2103
4020 3013
4002 2390
3807 2731
3733 2544
2991 3141
3787 2217
2792 1386
2899 2051
2934 1913
3867 1211
3748 625
3209 252
2974 830
3473 5
3528 238
3022 451
3474 1059
2575 258
2396 498
2539 1108
2050 777
2410 1703
3135 1888
2418 1694
2899 2074
2510 2280
3475 3157
3912 2973
3525 2865
2897 2254
2550 2665
2289 2271
2367 1779
1893 926
1833 1670
1632 763
1494 439
1590 915
1115 1666
1548 1977
741 2976
126 3162
638 3117
1594 3140
866 2665
867 2643
1192 3575
2127 3820
2767 2916
1998 2730
1193 1955
384 1381
733 1381
1624 904
904 171
955 634
1825 356
1462 1024
2195 854
2149 969
3065 56
3743 299
3258 997
3870 12
2975 67
2431 519
2917 820
2885 1807
2329 2332
1574 1347
786 1937
916 1402
1481 1509
2161 2295
3073 2452
3652 3442
3469 2466
3284 2245
3360 2602
3673 3178
2736 2561
3557 2735
2843 1969
2074 2651
2201 2111
1345 2351
2316 3081
2691 3792
1703 3190
1974 3730
2344 4069
1539 3787
832 3419
1667 2468
760 1591
1044 2346
340 1509
815 1911
1632 2340
935 3092
100 2927
467 3590
1057 2660
1499 2273
1561 2425
997 1695
249 1542
985 1710
1039 1746
178 1470
100 628
565 1548
338 2173
1048 2091
551 2040
613 2344
1086 2658
237 2498
1052 2837
601 3657
908 3109
368 3382
1340 3290
1863 2468
2336 1554
1845 1520
1925 2371
1993 2964
2335 3104
2837 3725
3159 3342
3055 2399
2162 2699
1663 2824
1595 2477
1968 2412
1413 1849
1841 1921
1318 2492
2080 2089
2399 1604
2803 799
2701 1171
3032 1041
2351 1791
2929 1053
2491 932
1721 1405
1491 1108
2445 2050
2884 1840
2892 2178
2294 1752
1663 1617
935 1741
1862 1866
2119 1506
2472 1217
3224 2128
3458 1411
2594 1531
2347 1742
1737 2540
1733 2880
1290 2607
1325 2725
1708 3718
2170 2862
2909 2175
2339 1189
1647 1298
2464 1090
2688 1837
3074 939
2562 1908
2704 2575
3681 2578
3769 2171
2785 2791
2417 3775
1549 4022
2122 3700
2668 3902
3358 3169
2989 3342
3523 3204
3221 2345
2258 3274
1723 2295
2026 1533
1764 1457
1430 590
2333 755
2521 768
2239 201
2778 216
2297 206
2836 724
1955 456
2487 1379
2765 1598
2218 1275
2144 1561
2699 839
2401 16
2836 337
3439 882
3071 547
3979 346
3063 1170
3023 1021
2765 1930
2321 1431
1498 654
823 1504
122 1432
821 2146
1040 1422
262 666
914 1298
987 1158
53 545
241 1411
1232 500
1026 458
581 860
1512 309
1974 723
2392 788
1523 339
2051 614
1996 1460
2545 2104
3501 1929
3747 2323
3463 2203
3846 2506
3326 2767
3333 2545
2356 2127
1893 1597
1072 1782
298 1567
289 2119
892 1271
253 1120
870 1824
681 2158
1585 2068
1249 2151
1485 1817
1894 1084
1965 670
1038 861
1514 791
1286 478
425 992
292 584
820 820
851 1653
816 1195
114 1729
574 2387
1179 3293
1268 3023
1058 3986
740 3377
394 3577
174 2893
1101 1925
192 1123
960 1259
1435 1713
636 1226
261 1673
624 725
1507 994
883 967
1803 1704
1246 1002
1069 1396
884 1725
919 2462
148 2203
553 2361
1215 2619
1269 2355
2261 1471
3173 2166
3353 1989
3850 2704
2887 3542
3821 4051
3580 3932
2608 3733
3273 2765
2497 2217
2207 2825
1320 2407
1799 2005
2617 1683
2308 2029
2378 2533
3143 2582
2600 3311
1883 2923
1196 2298
1416 1955
539 1785
712 1454
1652 1242
2582 473
2383 589
3319 1066
2486 1692
3137 792
3804 744
3448 462
3939 521
3678 193
2885 605
3759 1258
2794 331
2794 269
3460 370
2564 596
1931 566
1907 767
1502 1414
2227 1134
2979 1932
2282 2852
3070 2846
3635 2302
4060 2879
3344 3729
2526 3276
2068 2280
1232 1548
1073 931
248 913
987 441
1460 926
715 966
1685 633
1850 1555
1507 2215
1666 1866
1602 1777
1798 1388
1984 2106
1549 1401
2519 1137
2520 629
2621 70
2393 859
1460 57
693 287
186 640
656 1540
411 1381
49 2345
122 2276
278 1407
1097 904
1393 43
725 700
308 1182
56 1651
877 1318
1818 1823
2648 2181
2855 1420
2011 1737
2123 1424
2697 1438
1898 1351
958 1353
1950 1999
2424 1636
2367 2040
2466 1947
2603 2055
2464 2744
2756 3405
2431 3570
1769 3455
956 2794
1393 3347
1478 2361
1987 2748
2608 2018
3429 1537
2767 1250
2727 1753
2801 1125
2589 1191
1689 2116
1498 2156
2228 3038
1947 3642
2916 3194
3280 3378
4050 3192
3753 3158
4020 3700
3143 3932
3299 3222
2816 2880
1891 3645
1550 3067
664 2510
312 2937
738 2532
135 2725
138 3042
822 3980
1183 3622
658 2695
1122 1961
495 1910
1205 2647
472 2435
1158 1881
243 1998
190 2885
256 2487
537 2940
493 3770
1029 2868
197 1881
322 1816
459 2704
1142 2356
2087 2772
2645 2727
2074 1747
1750 1833
1650 2153
1872 1538
930 967
900 1407
1513 570
1650 892
1677 413
1467 878
922 1414
1610 1380
1921 1740
1115 1296
2086 2238
3074 3126
3031 2783
3127 2450
4065 2005
3877 2962
2920 1997
3053 2379
2848 3126
3822 3891
3133 3403
3658 3663
3121 3120
2861 2937
1880 2418
1064 3140
879 2224
361 2942
325 3070
1184 3589
1996 3136
2775 3820
3548 2998
3044 3611
3980 3414
3863 2898
3394 2095
3436 2406
2579 2615
3505 2989
3509 3365
3137 3856
2892 3825
2049 3000
2400 2955
3034 2753
2862 2046
2671 2801
1918 2093
1310 1731
1211 939
1128 1883
1656 2830
1229 3512
1744 3587
2182 3477
2208 2690
2407 2742
2970 1969
3463 2466
2636 1652
3289 2414
2876 2073
2984 2912
2343 2175
1901 2688
1397 2892
2220 3478
2818 3263
3171 3417
3166 3417
2234 2576
1695 1678
1339 1466
1970 2360
1272 1593
1714 843
1618 790
874 181
1704 573
2337 942
1430 1084
1330 2012
602 1368
803 1726
618 1410
627 1410
446 1951
550 1408
922 2129
1415 2993
799 2081
342 2569
761 3493
1627 2546
1683 1611
2147 713
1936 349
1832 939
1032 487
1408 220
2217 441
2398 1032
2018 1898
1693 2560
1548 3312
1445 2521
919 2710
1534 3492
1152 3114
865 2851
1086 3646
1847 2706
2372 2798
1660 3695
2136 2790
2327 2437
1642 3097
1851 3028
1828 3728
2066 3264
2843 3155
2919 4094
3863 3580
2864 4046
2534 3983
2994 3324
2437 4067
1821 3602
946 2983
1703 2474
2545 1772
1722 1011
992 642
184 1365
1051 1278
115 1024
861 285
836 1239
969 2135
1077 1388
1625 694
2107 786
1278 615
1817 1357
2589 1619
2306 1313
2739 531
3390 97
2674 445
2540 1083
2776 203
3261 79
2544 1014
2125 81
2261 625
1793 1223
1809 776
1322 1671
2022 2645
2993 2379
3368 2064
2604 3034
2278 3218
2406 2813
1958 3475
2584 3988
3241 3095
3327 3478
3627 2793
3327 2675
3496 2615
2893 1980
2854 1875
3388 1291
2472 2182
2285 1601
2631 1032
3111 1456
3740 829
3168 177
3609 1142
3555 491
2661 1239
2634 1459
3349 1163
2572 1221
1706 405
2190 1355
2791 1244
2626 524
2465 1245
2784 2074
3646 1248
3646 1789
3274 1949
2920 1391
3152 557
2861 100
2799 729
3296 1681
3261 1617
2719 1912
1951 2403
2229 3370
3026 3505
3261 3555
2564 3224
3147 3604
3357 3103
2576 2241
1916 2933
2724 2734
3386 2217
3920 3174
3947 3462
3742 3245
3725 2318
2749 1840
3001 2730
2022 2037
2546 1317
3077 2213
3788 1809
3009 2407
2777 2716
3095 3505
2213 3494
1545 3303
2230 3296
1587 3312
1417 2927
1597 3868
2014 3448
2962 3347
3469 2374
4003 2822
3910 3629
3266 3029
2292 3972
1375 3788
1095 3868
704 3079
351 2618
907 2689
948 2710
258 1815
881 2360
206 3022
735 2506
964 3491
1157 3112
1478 2266
2157 3002
2175 3504
2585 2941
2042 2564
2437 1677
2242 864
3021 302
3287 211
2297 927
2611 182
3141 384
2442 386
1878 591
2792 1484
3285 1077
2421 1150
3341 1261
2623 1052
1797 838
2324 181
2818 208
3509 1205
3933 966
3678 66
2795 593
3160 1313
2266 2266
2979 1548
3327 1588
2522 2502
2353 1527
1629 1650
2427 2303
1880 1901
1141 2577
1118 1983
2076 1695
1576 1637
1400 1670
1254 1978
962 2526
208 2122
122 2695
703 2316
1196 2267
1501 2736
1029 3211
332 3397
476 2637
1263 2432
2171 2808
2986 2202
2095 2942
1872 3625
1159 2928
1353 2657
1575 3444
1343 2685
1062 1975
1535 2294
2166 1707
1738 1743
1124 1005
248 573
629 380
1447 647
2156 1502
2564 1014
3386 848
2619 604
2248 1014
1496 204
2305 1031
1326 52
1532 806
2245 967
1531 1215
801 1693
238 2331
168 3311
28 3194
760 2287
849 1337
1494 1984
612 2603
1496 1813
1096 1850
1714 2824
2667 3687
2721 2995
3268 2310
2394 2840
2499 1901
3337 1566
3479 2533
2600 3427
3381 3947
3868 3172
3410 3452
3201 3585
2872 3915
2109 4034
1681 3253
1028 2950
1243 3661
1635 3435
1471 3570
1730 3321
1657 4028
1258 3859
1953 2967
2039 2464
2096 2562
1225 2657
2190 2685
3133 2903
3721 2740
3298 3065
3848 3320
3714 3386
3702 3055
2791 2548
1924 3428
1485 3969
1872 3841
880 3932
1048 3782
1400 3293
1637 2712
2397 2667
2133 3133
1449 2703
931 2062
259 1408
507 517
740 174
65 295
124 652
271 1439
270 2164
99 1226
1049 454
1630 1206
1482 1976
605 2132
1523 1620
1658 1816
1910 959
2043 1671
2375 1731
2563 1794
2340 1717
2348 1705
3287 931
3844 1417
2898 1343
2202 434
2968 863
2502 772
1507 737
1577 332
786 848
1312 1742
978 2034
1952 2112
2079 3075
1805 3275
2097 2329
2191 1822
2622 1684
1806 2530
992 3139
142 2856
1126 2396
2063 2396
1845 3355
1064 3371
2055 3697
2407 3529
1918 2990
2046 3917
2571 3193
2858 2793
3127 2390
2780 2682
2450 1689
3344 2256
2410 2840
2797 3115
2547 2686
3267 3343
3284 3660
3772 4011
3299 3194
3122 2637
3150 2845
2959 3131
3214 3806
3615 2915
3748 2189
3605 2166
3069 1774
2918 1054
3632 1944
2900 2392
3105 2532
3701 2649
3408 1843
3349 2817
3157 2953
3667 3452
3274 3690
2357 3460
3191 3898
2321 3495
2078 3649
2744 3390
2744 3402
1952 3356
2291 3680
1959 4039
1050 3647
231 2779
365 2570
324 2672
490 2433
1489 2615
1652 3559
1990 2679
2597 2018
3508 2805
3536 2282
3705 2948
3087 2470
4038 3082
3391 3712
2889 3905
2743 3053
2501 3984
2178 4093
3033 4043
3414 3219
3267 3976
2329 3111
2429 2197
3406 2937
3218 2704
3456 2119
3457 2504
3988 2858
3354 3719
2622 2885
3603 3440
3861 3812
3817 3235
3953 3562
3321 2978
3123 2460
3845 2459
3684 2863
3263 2457
2291 3186
1403 2575
1110 2013
365 2309
977 2420
682 3138
1226 3578
2031 2796
2160 2636
1425 2868
1221 2489
243 1790
1072 2139
1266 2053
1288 1711
1735 1199
883 1499
768 2358
990 1844
957 1592
628 1079
695 1604
687 2303
994 1703
1348 1407
830 1253
1420 1027
1074 1085
837 395
355 692
1133 581
501 1164
1389 1060
2246 1485
1517 2413
1779 1870
2600 2688
2632 2826
2117 1834
1323 2311
1599 1779
1691 1770
2385 2066
2119 2886
2353 2368
1497 2744
987 2019
1727 1776
2419 2086
2374 2624
2761 3051
2777 3031
2939 2443
2266 2373
1599 2812
1976 2560
2252 2525
2000 2340
2540 1724
1624 2063
2459 1161
3335 2127
2918 2987
2218 3696
2264 3165
1532 3311
675 2668
915 2435
556 1534
861 1951
1026 2129
101 2479
1070 3241
1239 2514
1514 2609
1286 2204
1587 3030
2295 2936
1328 2010
990 1252
1624 729
1492 1484
1817 1634
1510 1177
651 388
1006 240
1278 1020
1855 1310
2280 1799
3096 1437
2888 1437
3255 1930
3812 2656
3056 1836
3003 2081
3172 1511
3414 1987
3798 1019
3429 1517
2567 1533
2304 1468
3015 2308
3709 2219
3873 1235
3988 438
3038 1388
2695 1612
2383 1186
2216 674
2868 1453
2818 781
2403 1600
2765 1327
1958 1227
1817 710
1669 1451
2373 2350
3204 2557
2252 2508
1976 1800
2496 2459
1858 1731
2359 1592
1535 772
672 1437
412 2024
1076 1838
1739 895
975 666
1958 500
2731 572
2791 141
2590 390
2277 1074
1510 1206
1344 1148
854 1556
1739 1656
1385 1834
754 2829
1679 2191
2583 2263
2425 1394
1515 1421
751 2383
1055 2707
956 2218
602 1656
791 2540
768 1577
1738 2058
1906 2243
1061 2821
1990 3630
1297 3216
2011 4028
2070 3930
1245 3971
1369 3709
1362 3303
2107 3748
2084 3713
2191 3146
2651 3375
1779 3274
1517 2337
1627 2690
733 2259
337 2898
1243 3860
1489 2912
1039 3525
1567 3694
1082 2927
577 3099
1354 3893
626 3643
259 3089
1245 3153
1278 3956
2158 3431
2077 3196
1425 2919
1021 2655
1736 3489
875 2753
885 3231
1643 2354
2350 1541
1797 759
1204 1394
823 472
1708 504
855 753
52 879
148 1770
228 1428
739 959
37 1892
587 2157
610 2133
663 1628
851 695
869 1253
1167 2034
723 1705
1043 1623
1964 887
2817 1718
2555 820
3436 1336
2841 499
3765 663
3221 592
2649 1350
3443 617
4042 1276
3709 350
2799 722
2364 1582
1590 2469
1020 2107
904 2378
1725 1693
2087 2525
1250 2659
1934 2465
2860 3296
3858 3712
3294 3441
2356 3670
2515 2995
3080 3457
2296 2727
2569 3388
2106 2610
1172 2848
622 3567
1103 3692
474 3852
224 3284
1206 2799
513 3309
494 3581
1201 2975
1455 3373
712 2544
1524 2263
1958 1689
2443 986
1805 1371
1695 517
1342 754
2219 1432
3162 1693
3608 2419
3044 3049
3968 2362
3405 2197
3688 2213
3108 3047
3199 2083
2586 1198
3355 2072
2620 1156
3389 1328
3110 1386
4087 833
3808 1320
3402 1215
3690 594
2943 1549
2598 2315
2035 1938
2418 1342
2144 965
2051 1623
1451 1140
873 950
1537 1608
1234 2169
938 2333
473 2884
1407 2605
1271 3203
1873 3836
1857 4082
2439 3659
2055 2704
1762 3486
2233 3030
2775 2281
2137 2590
2328 1692
2321 2053
1737 2917
2530 3142
3425 2857
2531 2627
3490 2696
3071 3327
3410 2851
2764 3111
2136 2947
1715 3628
1593 3437
2285 2577
1866 1619
1651 2592
2364 2295
2001 2538
1656 3336
828 3921
1581 3348
2108 3146
2601 2812
2977 2160
2189 1733
2789 1525
2720 1537
3681 574
3807 632
3602 491
3078 1463
4032 1623
3874 1255
3321 1545
3180 1583
3210 1746
2418 1721
1855 1342
2675 735
2323 592
2756 1156
2790 2138
3261 2752
3976 2195
3531 2994
3062 3303
3187 3409
2483 2969
2008 3278
1432 2806
2085 2387
1893 2186
2458 1915
2234 2120
2835 2380
2667 2176
1906 3054
986 2414
1030 1673
1972 1297
2317 431
3082 584
2139 1140
1301 427
1001 773
1447 1752
1419 1937
682 1978
1573 1399
1444 924
2254 1239
1694 2119
947 3113
1580 2996
2392 3496
2851 2730
2477 2272
1839 2391
1460 2236
2191 1629
2771 1626
2492 2591
3114 3406
3023 2685
2647 2328
3406 2262
3576 3008
3003 2120
3803 2987
2874 2607
2704 3161
2518 3287
3406 3710
2641 2860
3501 2916
3092 3568
3440 3818
2694 3111
2437 2866
3334 3092
2559 3585
3556 3533
3635 3331
2717 2544
3431 3127
4017 2624
3534 3020
2822 2637
2694 1644
2225 1606
2894 2178
2816 1804
2690 1388
3454 1752
3044 1462
3189 808
2294 827
1937 343
2887 157
1920 973
2555 1447
2249 1722
2856 2510
1944 3174
2759 2845
3552 3670
2859 3454
2162 3857
1172 3125
1494 3495
2209 3726
1837 3930
2391 2940
2899 3892
2809 3249
2190 2547
1861 3363
2577 2835
1963 3370
2935 3391
3714 3975
2790 3688
2997 3524
2891 3225
3485 3905
3135 2978
2742 2845
2109 2372
1770 2726
2358 3553
3353 3051
2459 3347
3054 3270
3539 3179
3506 2495
3191 3044
2649 3790
2349 3322
1352 2745
1142 2849
345 2532
876 2789
1840 3151
2051 3381
3031 3396
2968 3811
2749 3307
2828 3389
2084 3645
2732 3476
2392 3851
3179 2888
2286 3356
2292 2441
1937 3311
2561 3554
2121 3133
3059 3388
2524 2462
1570 3155
2561 3658
2189 3575
2145 3649
2404 2942
1443 3390
1692 2481
2296 1831
1516 1602
2506 2422
2503 2738
1888 2454
1593 1779
2412 2495
3052 1654
3983 2649
3559 2229
2824 2364
2854 2518
3565 2422
2745 1996
2826 2654
2324 1713
2091 1899
2427 1069
2734 1782
3178 2455
3255 1543
3212 657
2279 251
2236 1187
2153 600
2870 1158
3559 349
4017 667
3169 87
3079 176
3573 1034
2577 412
2685 1140
2196 1124
2539 330
2799 982
2963 266
2413 1066
2013 1507
2025 982
2042 1203
1892 808
1206 382
1309 328
2178 716
2028 1233
1144 594
690 1139
621 924
1186 1179
962 2132
752 1452
30 1068
541 455
1132 310
908 1052
1846 1853
1181 2808
893 2497
1346 2001
1334 1642
1523 1358
1190 824
2100 1785
1593 1363
1130 2017
1863 1029
1644 1507
2329 1213
2704 1378
1879 1473
1087 586
2073 161
2398 961
3333 1225
2969 1533
3705 2498
3453 2793
3063 3026
2077 3333
2646 4015
3561 3266
2967 4084
2925 3946
1990 3265
1355 2842
433 3335
481 3633
1079 2979
236 2155
169 2004
1018 1069
754 1132
1266 1637
1681 1381
709 697
1403 853
1607 1345
1383 2289
1094 2242
1196 3163
1032 2579
1159 2501
1675 2335
1158 2749
1806 2294
1663 1332
904 397
379 874
32 542
328 736
565 921
1381 1297
1605 2061
1899 2778
2429 3602
2809 3268
2274 3722
2274 3150
2674 3538
3135 4036
4087 3603
3208 3039
2658 2580
2708 3490
2264 3572
1887 3416
951 2960
87 2888
858 2312
887 2752
983 3333
216 3917
895 3174
248 2235
1020 1250
1212 1352
1375 1132
891 1746
1042 1686
1194 704
472 306
1354 1081
2110 1230
1539 714
892 113
1286 915
890 455
1178 625
966 370
1817 472
950 205
724 1046
451 2003
1273 1076
1673 1768
2389 965
2966 1060
2250 1653
1262 1782
1119 2080
246 1952
1104 2769
1975 3277
1057 4019
1459 3898
1262 3310
1316 3725
1848 3190
1996 3257
1678 3489
2590 3769
2771 4081
2680 3082
2730 3467
2432 2667
1679 2021
1448 2922
1151 3111
1262 3307
1679 4085
801 4023
1361 3472
1895 3832
2762 3184
3645 2217
2656 2752
2903 3175
2458 3204
2273 2717
2927 3402
2319 2709
1374 2136
2181 2392
2625 1685
1878 1545
1778 1418
2603 491
2060 196
1893 334
2232 1073
1946 1593
2741 1897
2181 2756
3127 2472
2420 2668
2377 1821
1464 1484
1673 521
993 1138
1319 1327
707 1619
1513 1458
1076 1644
1858 731
2005 1346
2775 817
2965 1604
3380 2360
2402 2887
2335 3741
1765 3485
1926 2752
1957 3564
2162 3234
2499 3736
1729 2894
1027 2789
1450 2312
985 1606
1557 2264
1981 2632
1629 1845
1646 1494
1011 893
156 453
406 240
1354 538
1047 1077
1710 402
2387 32
3095 276
2739 211
2285 333
1461 911
1170 223
1283 138
1369 523
1857 1004
1204 1123
670 757
1068 1701
515 1236
892 2078
1330 1625
807 727
796 208
1627 15
1130 89
1455 1018
2353 979
2464 703
1478 1446
1823 948
1197 1913
1359 1197
2017 235
2920 813
2745 1038
3285 942
3456 902
3279 1521
2450 2102
3247 2993
2953 2279
3903 1590
3063 751
2397 1286
1557 1439
1088 2148
1987 2310
1870 2871
2854 2117
3154 2504
2960 3023
2131 2052
1343 2584
1624 2836
998 2807
1073 2461
668 2287
1035 1765
1135 1206
969 1105
1765 269
1578 288
1036 273
1015 987
309 1069
335 667
720 679
1644 622
2469 1050
3075 926
2371 1327
1568 1165
1503 1021
2175 1403
2464 758
2698 671
3635 506
3671 686
3156 1175
3848 299
3629 651
3130 661
2133 678
2050 84
2260 800
2105 407
2972 828
3153 421
2157 1241
2698 713
2839 608
2024 46
1351 985
451 637
1255 238
2055 616
2748 1047
2752 1100
3478 860
4030 296
3085 752
2654 1638
2134 2366
1968 3199
2455 2605
2345 2609
1418 1867
564 1804
904 2246
1273 3215
675 2932
701 2139
1109 1559
750 667
66 481
679 101
1101 341
1035 378
680 885
1534 645
2213 1621
3151 1856
2969 1520
2398 2460
3144 2384
2210 1943
1876 2429
1008 1470
521 1998
1408 2154
2043 2019
2454 2318
2778 2884
3050 1930
2638 1386
2443 952
3155 1536
3996 1688
3050 835
2611 1103
2957 635
3945 1347
2964 2337
2307 1671
2570 2511
1767 1745
1006 2408
1575 3294
2183 3639
3163 2995
2392 2381
2448 2750
3138 2284
4045 2733
3674 3132
3580 2148
3619 2979
3587 3206
2747 3713
1768 3731
2571 2859
1984 2581
1065 3098
732 2417
1327 2222
414 3035
1391 3587
1916 2995
917 2687
1570 2400
2153 1796
1567 2683
1949 2717
1325 3096
401 3628
549 2886
1260 3174
1167 2639
1613 3382
1771 2726
1471 2077
2396 1535
2228 551
3153 1465
2885 616
2991 1596
2057 1946
2167 1805
3120 1098
3071 1625
2728 1936
2795 1389
2834 1587
2625 636
2696 1168
3072 449
3075 1004
2322 825
2304 220
1491 922
774 193
802 389
1456 867
1111 1529
1420 2024
1592 2797
1955 2906
2608 2272
2686 2565
2975 3214
2321 3918
1636 3261
1500 3715
1790 2850
1148 3191
2077 3436
1474 3949
2174 3633
1289 2895
1319 2966
923 3528
583 3286
122 2342
448 2024
553 2356
2 1788
735 1999
1049 2236
173 1546
386 1915
1330 2494
584 3386
1490 3042
880 3531
17 2798
515 2640
1146 1848
922 1268
1784 454
2188 1116
2985 2033
2974 2392
2536 3029
2671 2461
2222 3225
1599 2607
1925 2727
2206 3534
3140 2921
2682 2630
2819 1908
3036 2846
2043 3047
2450 2584
2245 2186
1969 1320
2161 574
1826 520
2006 1214
2984 1083
2483 991
2333 825
2668 365
1977 416
2474 1094
3262 485
3457 33
2691 739
3311 1475
3540 701
4077 1660
3955 2480
3559 1607
3203 908
3081 1710
2555 1509
2484 516
2176 1115
2797 1985
2735 2548
3116 1947
2615 1465
3202 1439
3446 927
2502 1572
2317 818
2145 959
1160 1470
1617 1513
2574 2398
2348 2898
1553 2643
890 2592
525 2948
1220 3041
1641 2821
1958 2235
1562 2069
2462 1930
2904 1956
2233 1891
2865 1493
3429 1590
3616 1630
3127 2064
3545 1742
3578 1250
2844 2228
3267 1802
2564 2349
2986 3275
3133 2321
2432 2549
1859 2745
2444 3202
2877 3952
2217 3347
3146 3580
2655 2694
2452 2252
1587 1303
2343 2222
2377 1390
2359 1572
2567 819
3082 900
3911 1227
2950 295
3438 295
3312 963
2499 1655
2633 1663
3469 1438
3319 2387
3075 1633
3630 2434
3890 3433
3392 2543
2461 2394
2415 3073
2303 2256
2156 1608
1638 1997
871 2518
689 3340
1446 3300
1892 3944
2175 3513
1712 3350
1569 3193
1380 3630
994 3907
1944 3544
1406 2744
1617 2242
942 1897
676 1872
227 2270
358 2354
742 3069
1161 3944
1935 3010
1991 2292
2460 2989
3439 3364
2543 2561
1746 1971
1354 2370
928 2008
1915 1347
2571 1696
2128 1373
2545 2295
2845 2418
2439 2894
2748 3628
2711 3824
1750 4066
885 3517
212 2630
974 2727
753 2813
1703 3613
774 2944
1582 2525
1645 2300
2485 2601
3482 3416
2920 3626
3161 3624
3110 3771
2428 3066
3257 3823
3292 2838
3974 2993
3278 3422
3688 2565
2837 3406
3555 3448
4081 2900
3576 3686
3736 3346
2816 2563
1895 3007
2004 2198
1040 2055
48 2121
570 1226
1261 1629
528 1349
1487 1673
494 2159
618 2479
577 2026
202 3011
236 3928
990 3340
333 3447
178 2461
541 1723
608 806
436 1236
82 1668
36 2314
341 1541
1103 1623
1538 1349
2394 405
2329 683
1561 1149
646 1198
1340 1801
1156 1643
1239 1233
575 321
1381 1185
1245 393
1861 265
2638 730
3386 1429
2687 807
2038 77
2285 1068
2809 1803
2064 2557
1958 1733
2439 887
3076 1830
2872 2328
1914 1798
2142 2750
1481 2777
1386 2746
1415 3378
539 2878
1095 2392
1813 2360
2497 2730
1956 2483
2599 3294
2630 2303
2455 1717
2205 931
2157 1878
1678 1193
1973 1829
1445 2135
1759 2277
2186 2200
2863 2160
2933 2881
2546 2055
1600 2929
2163 3764
2317 3131
2138 3451
2331 3200
2902 2810
2467 3181
2782 3017
2337 2931
3193 3100
3892 2382
2937 2847
2816 3585
3787 3822
3825 3229
3304 2872
3463 2248
3823 1832
3758 1471
3364 1069
2461 157
2518 455
3097 1169
2866 1955
2431 1721
2074 769
2220 1371
2159 1777
1953 2271
2736 2426
2452 1864
3409 2610
2514 1773
3510 1164
2820 916
3072 1891
2998 2715
3127 2236
3132 2735
2149 2222
2940 1869
2761 982
2550 321
3291 1126
2295 1902
1583 2781
695 2214
1590 2413
1828 2961
2759 2291
3442 1517
2616 586
1926 46
2742 642
2150 743
3008 580
2013 832
1879 1662
1290 866
2051 1249
2579 1984
3197 997
2502 1142
1573 1284
1055 490
836 906
1160 1128
448 1243
1105 1246
556 947
870 500
1592 1065
762 1095
527 453
510 681
394 1210
1033 235
723 1081
1612 935
2482 1837
2856 2033
2116 2358
2621 3273
1837 4053
1867 3444
2533 3426
2249 2577
1657 3359
2409 2467
2686 2517
2854 2318
2363 1448
1488 868
1150 152
469 979
835 1273
997 546
1918 971
1901 1418
1038 2161
1483 2229
796 2174
1128 2366
1968 2632
2139 1968
1760 1255
1924 960
2729 807
2388 374
3109 1247
3037 1321
3163 492
3398 570
2410 168
1727 12
2485 468
2925 756
2186 1430
2718 1251
2071 657
1278 1457
510 1860
1415 1696
2270 727
2623 1579
2487 1783
3372 2558
3189 1777
3740 2317
2934 3094
2172 2594
1216 1899
634 1505
187 1578
978 1369
644 1763
1496 1026
1839 1385
2246 729
3006 1417
2329 953
1709 316
1385 855
1825 1819
1836 2237
1173 2633
2117 2343
2194 1503
2007 1234
2751 1660
2024 2009
1237 2513
1473 3285
2316 4043
2370 3093
1798 2512
2223 2259
1700 1949
872 2919
974 3129
1832 3719
1780 2989
2164 1994
3056 2731
3552 3694
2653 2795
3187 3196
2787 2211
2286 2214
1983 2237
2044 2219
2928 2697
2785 3053
3594 3749
3059 3556
2750 3724
1900 2758
2290 2202
2647 2066
2653 2015
3123 2040
2146 1199
2478 2085
2249 2510
3085 2199
2983 2159
3185 2355
3363 1887
3375 1812
2636 1139
2309 972
1888 1216
1731 1644
2446 988
1827 814
2054 875
1780 235
1121 1143
1809 225
1398 51
959 211
392 1147
275 272
1114 82
961 742
936 1526
408 1518
1235 1416
1912 1017
1590 761
1434 1554
633 2127
1437 1760
1109 1392
248 2212
414 2305
545 1634
1138 1727
297 1401
952 2231
1524 1544
1926 809
2678 689
2533 356
1729 974
2347 800
2641 1247
1678 2205
2613 2707
2587 2150
2499 1211
3212 667
2995 1049
2159 104
2919 930
3349 117
2476 748
3386 1427
2445 572
1668 453
1556 1427
2551 1981
1630 1847
2069 1396
2841 1082
1865 345
2855 1218
3530 1223
2801 1184
2540 2030
1644 1687
1904 2673
979 2831
835 2306
458 1613
947 782
1368 1409
606 964
1230 199
1514 776
2025 1688
2756 883
2815 1663
3765 2014
3160 2650
3759 3608
2993 2640
2932 1869
3167 2139
2799 2922
3071 2404
2135 3377
1933 3366
2386 3221
2667 3714
1830 2921
1682 3222
1160 3543
921 3561
711 4087
1619 4024
2188 3534
1635 2765
640 1982
1516 1404
1773 2387
1871 2955
1862 2662
2314 3638
2797 3445
2199 2904
2205 3079
2692 2534
2600 2393
2882 2304
2070 1955
2796 2519
2071 2293
2008 1876
2382 1045
1965 1206
2819 1004
1883 581
2783 1563
3405 1578
3235 1030
2378 824
2263 1751
2812 1197
2793 1283
3538 1230
2717 1464
3357 1296
3298 300
3394 544
2532 1143
3421 1980
3584 1215
3057 361
2073 765
2455 1652
1957 1187
2098 1092
2930 979
2507 1112
2879 1826
2500 1350
2823 510
2600 1253
1761 1650
2478 1075
2560 1130
2235 254
2436 1075
3309 1487
3138 1923
2523 2766
3292 3641
2427 2646
2123 2426
1992 1582
2665 1354
3472 1740
2846 1829
2739 2008
2095 2261
2392 2279
2241 1704
1318 1156
2066 1144
2588 1369
3239 2086
3300 2744
2448 2950
2208 3422
2319 2585
2873 2970
3760 3121
2969 4018
2148 3901
1227 3281
1181 2754
473 2360
353 2943
1205 3834
1882 2885
1075 2242
1917 2539
1056 2685
661 1891
1481 1688
1860 1478
1931 1992
1302 1056
943 1878
368 2792
994 2907
1001 2368
913 2240
256 2438
537 3344
909 2619
1137 2812
392 3058
430 3920
1185 3993
941 3116
828 3076
1772 2288
2581 2204
2368 1927
1573 1212
1454 1218
2008 379
2419 848
3368 1549
4062 910
3891 959
3869 1747
3410 2429
2480 2289
2797 2864
2659 2376
3233 2556
3576 2200
2904 2278
2040 2393
1524 1642
588 2508
1178 2107
186 2887
719 3780
11 2819
564 2398
1167 1720
1593 1114
1694 1999
2144 2597
2277 3024
2421 2854
2882 2728
3350 3114
2979 3552
2028 2885
2483 3503
3462 3046
2670 3935
2901 3139
2194 3304
1734 3993
1259 3515
489 2784
361 2215
889 1458
915 1120
1549 258
2539 932
2668 921
2894 49
3662 562
3545 1479
4009 828
3944 1598
4075 2246
3829 2199
3259 1342
2817 1620
3582 778
2813 941
3381 804
3996 78
4081 174
3271 1134
2503 376
2004 777
2248 667
3126 1433
4089 1803
3163 1759
2446 2034
3226 1819
2714 1252
2813 584
2209 1115
2425 1475
3097 966
3371 1506
3646 1168
3376 335
3624 1261
2784 1652
3496 2464
2660 3079
2513 2635
2950 2107
2724 2886
1759 3835
2649 3133
2802 2163
2359 1170
2751 470
3043 512
2193 1349
2088 2330
3057 2855
3830 3703
2876 3632
2700 2761
2850 2791
3005 2508
2562 2136
3259 1167
2690 576
2196 460
3092 279
2362 471
1582 415
1708 848
2639 845
1897 1735
2029 2459
1759 2034
2162 2990
2122 2024
1487 2163
1122 2317
1760 1478
1192 1305
1441 1946
1015 2866
80 3369
769 3594
719 3664
636 2686
1630 3029
2554 2596
3110 2162
2657 3001
2758 2624
2033 2455
1578 2449
1663 2477
1727 2562
2091 3036
1538 2433
880 2730
715 2800
1234 2839
2090 3739
2184 3430
2280 3091
2110 3024
1214 3438
734 3345
233 4039
925 3994
666 3107
297 2796
869 2417
672 2677
1579 1739
1884 2086
2358 2661
2128 2573
2088 2097
1279 3078
1395 3724
1093 3554
1995 2822
1721 3497
2504 2793
3216 2127
3823 2328
2938 1739
2167 2704
1659 3520
2000 2743
1916 3026
1855 3499
2706 2851
2007 2488
1425 3084
1504 2809
1693 2047
1945 2046
1764 1064
2277 579
1918 532
2746 1256
2007 2006
1082 1538
524 2299
771 2801
748 3134
1416 3711
2014 3571
1415 3998
1906 3114
1755 3305
1226 4070
701 3983
938 3408
976 3028
910 2960
1570 2049
1693 1301
1942 837
2483 1701
1751 820
2067 189
3049 950
2163 1088
2455 319
3290 950
2549 629
2558 1626
2994 944
2478 257
2397 405
1503 866
2040 1020
1848 2002
2782 1770
3722 1863
3207 1722
3286 1483
3485 611
3035 544
4023 1478
3124 1440
3075 1295
3637 967
3579 1619
4074 1867
3808 1116
3835 362
3881 823
2901 1596
2400 1652
3183 2564
3916 3363
3489 2528
2645 2986
3038 2051
2748 2282
1935 2628
1302 2559
884 2118
292 1345
169 1754
742 2258
47 2553
455 2702
1312 3409
2199 3038
1459 3770
843 2992
1760 3343
2533 2407
2483 2214
3002 2857
3596 2751
3474 3125
2749 2837
1892 2810
1227 3220
450 2690
1310 3624
1423 2914
1640 2543
2455 2701
2528 2581
3474 3036
2741 2196
3280 2205
3805 2324
2979 3217
3054 3166
3359 3792
3077 3455
2798 2523
3398 3257
4039 3448
3388 2471
2829 2111
2715 2110
1858 2708
1192 2908
799 3501
976 3312
625 3240
612 2702
976 2866
1246 2426
1043 2453
870 2431
604 1504
1234 750
2009 181
2077 26
2352 426
3132 90
2161 174
1668 586
2584 738
2850 1704
