1, 0.;
2, 0.906777;
3, 0.861438;
4, 0.818366;
5, 0.777448;
6, 0.738575;
7, 0.703919;
8, 0.668723;
9, 0.63756;
10, 0.605682;
11, 0.575398;
12, 0.546628;
13, 0.521569;
14, 0.495491;
15, 0.470716;
16, 0.44718;
17, 0.424821;
18, 0.405853;
19, 0.387833;
20, 0.370714;
21, 0.354451;
22, 0.341274;
23, 0.326483;
24, 0.312432;
25, 0.303628;
26, 0.295265;
27, 0.28732;
28, 0.279772;
29, 0.272602;
30, 0.26579;
31, 0.259319;
32, 0.253171;
33, 0.24733;
34, 0.241782;
35, 0.236511;
36, 0.231504;
37, 0.226747;
38, 0.222228;
39, 0.217934;
40, 0.213856;
41, 0.209981;
42, 0.208573;
43, 0.204963;
44, 0.201533;
45, 0.198274;
46, 0.195179;
47, 0.192238;
48, 0.191717;
49, 0.191222;
50, 0.190752;
51, 0.194851;
52, 0.198744;
53, 0.202444;
54, 0.203685;
55, 0.204864;
56, 0.205985;
57, 0.207049;
58, 0.205788;
59, 0.204589;
60, 0.203451;
61, 0.202369;
62, 0.201341;
63, 0.200365;
64, 0.199438;
65, 0.20083;
66, 0.202152;
67, 0.203408;
68, 0.204601;
69, 0.205735;
70, 0.206812;
71, 0.207835;
72, 0.208807;
73, 0.20973;
74, 0.210607;
75, 0.21144;
76, 0.212232;
77, 0.215257;
78, 0.21813;
79, 0.22086;
80, 0.223453;
81, 0.225917;
82, 0.228258;
83, 0.230481;
84, 0.232593;
85, 0.2346;
86, 0.236506;
87, 0.238318;
88, 0.240038;
89, 0.241672;
90, 0.243225;
91, 0.2447;
92, 0.246102;
93, 0.247433;
94, 0.248698;
95, 0.249899;
96, 0.251041;
97, 0.252125;
98, 0.253155;
99, 0.256406;
100, 0.259495;
101, 0.262429;
102, 0.265217;
103, 0.267865;
104, 0.272654;
105, 0.277203;
106, 0.281525;
107, 0.28563;
108, 0.289531;
109, 0.293236;
110, 0.296756;
111, 0.3001;
112, 0.303277;
113, 0.306295;
114, 0.309162;
115, 0.311886;
116, 0.314473;
117, 0.321477;
118, 0.32813;
119, 0.334451;
120, 0.338183;
121, 0.341728;
122, 0.345096;
123, 0.348296;
124, 0.351336;
125, 0.351951;
126, 0.350262;
127, 0.348658;
128, 0.349407;
129, 0.350119;
130, 0.350795;
131, 0.351437;
132, 0.352047;
133, 0.352626;
134, 0.355449;
135, 0.358131;
136, 0.360679;
137, 0.3631;
138, 0.3654;
139, 0.367584;
140, 0.369659;
141, 0.371631;
142, 0.373504;
143, 0.375283;
144, 0.376974;
145, 0.37858;
146, 0.380105;
147, 0.381554;
148, 0.382931;
149, 0.384239;
150, 0.385482;
151, 0.386662;
152, 0.387784;
153, 0.388849;
154, 0.389861;
155, 0.390823;
156, 0.391736;
157, 0.392604;
158, 0.393428;
159, 0.394211;
160, 0.397228;
161, 0.400094;
162, 0.402816;
163, 0.405403;
164, 0.40786;
165, 0.410194;
166, 0.412412;
167, 0.414519;
168, 0.41652;
169, 0.418421;
170, 0.420227;
171, 0.421943;
172, 0.423573;
173, 0.425122;
174, 0.426593;
175, 0.427991;
176, 0.429319;
177, 0.43058;
178, 0.431778;
179, 0.432917;
180, 0.433998;
181, 0.435025;
182, 0.436001;
183, 0.436929;
184, 0.437809;
185, 0.438646;
186, 0.439441;
187, 0.440196;
188, 0.440914;
189, 0.441595;
190, 0.444516;
191, 0.44729;
192, 0.449925;
193, 0.452429;
194, 0.454808;
195, 0.457067;
196, 0.459214;
197, 0.461253;
198, 0.463191;
199, 0.465031;
200, 0.466779;
201, 0.468441;
202, 0.470018;
203, 0.471518;
204, 0.472942;
205, 0.474295;
206, 0.47558;
207, 0.483619;
208, 0.491256;
209, 0.496239;
210, 0.500972;
211, 0.505469;
212, 0.509741;
213, 0.5138;
214, 0.517655;
215, 0.521318;
216, 0.522525;
217, 0.523671;
218, 0.527033;
219, 0.530227;
220, 0.533261;
221, 0.536143;
222, 0.538882;
223, 0.541483;
224, 0.543954;
225, 0.546302;
226, 0.548532;
227, 0.550651;
228, 0.552664;
229, 0.554576;
230, 0.556393;
231, 0.558119;
232, 0.559758;
233, 0.561316;
234, 0.562796;
235, 0.564201;
236, 0.570082;
237, 0.580214;
238, 0.58984;
239, 0.596712;
240, 0.60324;
241, 0.607169;
242, 0.610901;
243, 0.614447;
244, 0.620088;
245, 0.623175;
246, 0.626107;
247, 0.628892;
248, 0.631539;
249, 0.634053;
250, 0.636441;
251, 0.63871;
252, 0.640865;
253, 0.642913;
254, 0.644858;
255, 0.646706;
256, 0.648462;
257, 0.65013;
258, 0.651714;
259, 0.653219;
260, 0.654649;
261, 0.656008;
262, 0.657298;
263, 0.658524;
264, 0.659689;
265, 0.660795;
266, 0.664119;
267, 0.667277;
268, 0.670277;
269, 0.673126;
270, 0.675834;
271, 0.678406;
272, 0.678576;
273, 0.681011;
274, 0.683324;
275, 0.685522;
276, 0.687609;
277, 0.689592;
278, 0.691476;
279, 0.693266;
280, 0.694967;
281, 0.696582;
282, 0.698116;
283, 0.699574;
284, 0.700959;
285, 0.702275;
286, 0.703525;
287, 0.704712;
288, 0.70584;
289, 0.706912;
290, 0.70793;
291, 0.708897;
292, 0.709816;
293, 0.710689;
294, 0.711518;
295, 0.712306;
296, 0.713054;
297, 0.713765;
298, 0.71444;
299, 0.717355;
300, 0.720123;
301, 0.722753;
302, 0.725252;
303, 0.729899;
304, 0.73204;
305, 0.734074;
306, 0.736007;
307, 0.737843;
308, 0.739587;
309, 0.743517;
310, 0.74725;
311, 0.750797;
312, 0.754166;
313, 0.757367;
314, 0.760408;
315, 0.761024;
316, 0.763882;
317, 0.766596;
318, 0.769176;
319, 0.769353;
320, 0.769522;
321, 0.769682;
322, 0.769835;
323, 0.769979;
324, 0.772389;
325, 0.774679;
326, 0.776854;
327, 0.77892;
328, 0.780884;
329, 0.782748;
330, 0.78452;
331, 0.786203;
332, 0.787802;
333, 0.789321;
334, 0.790764;
335, 0.792135;
336, 0.793437;
337, 0.794675;
338, 0.79585;
339, 0.796967;
340, 0.798027;
341, 0.799035;
342, 0.799992;
343, 0.800902;
344, 0.801766;
345, 0.804859;
346, 0.805525;
347, 0.806158;
348, 0.806759;
349, 0.807331;
350, 0.807873;
351, 0.808389;
352, 0.808878;
353, 0.809343;
354, 0.809785;
355, 0.810205;
356, 0.810604;
357, 0.810983;
358, 0.811343;
359, 0.811685;
360, 0.814282;
361, 0.81675;
362, 0.819094;
363, 0.821321;
364, 0.823437;
365, 0.825447;
366, 0.827357;
367, 0.829171;
368, 0.828621;
369, 0.830372;
370, 0.832035;
371, 0.833615;
372, 0.835116;
373, 0.836542;
374, 0.837897;
375, 0.839184;
376, 0.840407;
377, 0.841568;
378, 0.842672;
379, 0.84372;
380, 0.844716;
381, 0.845662;
382, 0.84656;
383, 0.847414;
384, 0.848225;
385, 0.848996;
386, 0.849728;
387, 0.850423;
388, 0.851084;
389, 0.85853;
390, 0.86333;
391, 0.867891;
392, 0.872224;
393, 0.874067;
394, 0.875818;
395, 0.877482;
396, 0.879063;
397, 0.880564;
398, 0.88199;
399, 0.883345;
400, 0.88236;
401, 0.874606;
402, 0.867239;
403, 0.860241;
404, 0.853592;
405, 0.847276;
406, 0.841276;
407, 0.837849;
408, 0.834593;
409, 0.831499;
410, 0.828561;
411, 0.825769;
412, 0.823117;
413, 0.820597;
414, 0.818204;
415, 0.81593;
416, 0.81377;
417, 0.811718;
418, 0.809768;
419, 0.807916;
420, 0.806157;
421, 0.804485;
422, 0.802897;
423, 0.801389;
424, 0.799956;
425, 0.798594;
426, 0.797301;
427, 0.796072;
428, 0.794905;
429, 0.793796;
430, 0.792743;
431, 0.791742;
432, 0.793064;
433, 0.79432;
434, 0.795513;
435, 0.796646;
436, 0.797723;
437, 0.798746;
438, 0.799718;
439, 0.800641;
440, 0.801518;
441, 0.802351;
442, 0.803143;
443, 0.803895;
444, 0.804609;
445, 0.805288;
446, 0.805932;
447, 0.806545;
448, 0.807127;
449, 0.80768;
450, 0.808205;
451, 0.808703;
452, 0.809177;
453, 0.809628;
454, 0.810055;
455, 0.810462;
456, 0.810848;
457, 0.811214;
458, 0.811563;
459, 0.811894;
460, 0.814481;
461, 0.814666;
462, 0.814842;
463, 0.815009;
464, 0.815167;
465, 0.815318;
466, 0.815461;
467, 0.815597;
468, 0.815727;
469, 0.815849;
470, 0.815966;
471, 0.816077;
472, 0.816182;
473, 0.816282;
474, 0.816377;
475, 0.816467;
476, 0.816553;
477, 0.816634;
478, 0.816712;
479, 0.816785;
480, 0.816855;
481, 0.816921;
482, 0.816984;
483, 0.817044;
484, 0.817101;
485, 0.817155;
486, 0.817207;
487, 0.817255;
488, 0.817302;
489, 0.817346;
490, 0.817387;
491, 0.817427;
492, 0.817465;
493, 0.817501;
494, 0.817535;
495, 0.81984;
496, 0.819757;
497, 0.821951;
498, 0.824035;
499, 0.826015;
500, 0.827896;
501, 0.829683;
502, 0.831381;
503, 0.832994;
504, 0.834526;
505, 0.835981;
506, 0.837364;
507, 0.838678;
508, 0.839926;
509, 0.841111;
510, 0.842237;
511, 0.843307;
512, 0.844324;
513, 0.845289;
514, 0.846207;
515, 0.847078;
516, 0.850179;
517, 0.853125;
518, 0.855923;
519, 0.858581;
520, 0.861107;
521, 0.863506;
522, 0.865785;
523, 0.86795;
524, 0.870008;
525, 0.871962;
526, 0.873818;
527, 0.875582;
528, 0.877257;
529, 0.878849;
530, 0.880361;
531, 0.881797;
532, 0.883162;
533, 0.884459;
534, 0.887963;
535, 0.889019;
536, 0.890023;
537, 0.890976;
538, 0.891882;
539, 0.892743;
540, 0.89356;
541, 0.894336;
542, 0.895074;
543, 0.895775;
544, 0.896441;
545, 0.897073;
546, 0.897674;
547, 0.898245;
548, 0.898787;
549, 0.899303;
550, 0.899792;
551, 0.900257;
552, 0.900699;
553, 0.901118;
554, 0.901517;
555, 0.901896;
556, 0.902255;
557, 0.902597;
558, 0.902922;
559, 0.90323;
560, 0.903523;
561, 0.903802;
562, 0.904066;
563, 0.904317;
564, 0.904556;
565, 0.904783;
566, 0.904998;
567, 0.905203;
568, 0.905397;
569, 0.905582;
570, 0.90803;
571, 0.910356;
572, 0.912565;
573, 0.914664;
574, 0.916658;
575, 0.91628;
576, 0.918193;
577, 0.917738;
578, 0.917306;
579, 0.919168;
580, 0.918664;
581, 0.918185;
582, 0.917731;
583, 0.917299;
584, 0.916888;
585, 0.916498;
586, 0.916128;
587, 0.915776;
588, 0.915442;
589, 0.917397;
590, 0.907891;
591, 0.89886;
592, 0.890281;
593, 0.884403;
594, 0.878819;
595, 0.873515;
596, 0.868475;
597, 0.863688;
598, 0.85914;
599, 0.854819;
600, 0.850715;
601, 0.846815;
602, 0.843111;
603, 0.839592;
604, 0.836248;
605, 0.833072;
606, 0.830055;
607, 0.827189;
608, 0.824466;
609, 0.821879;
610, 0.819421;
611, 0.817086;
612, 0.817141;
613, 0.817193;
614, 0.817243;
615, 0.81729;
616, 0.817334;
617, 0.815104;
618, 0.815258;
619, 0.815404;
620, 0.815543;
621, 0.815675;
622, 0.8158;
623, 0.815919;
624, 0.816032;
625, 0.81614;
626, 0.816242;
627, 0.816339;
628, 0.816431;
629, 0.816519;
630, 0.816602;
631, 0.816681;
632, 0.816756;
633, 0.816827;
634, 0.816895;
635, 0.816959;
636, 0.81702;
637, 0.817078;
638, 0.817134;
639, 0.817186;
640, 0.817236;
641, 0.817283;
642, 0.817328;
643, 0.817371;
644, 0.817411;
645, 0.81745;
646, 0.817486;
647, 0.817521;
648, 0.817554;
649, 0.817586;
650, 0.817615;
651, 0.817644;
652, 0.817671;
653, 0.817696;
654, 0.81772;
655, 0.817744;
656, 0.817765;
657, 0.817786;
658, 0.817806;
659, 0.817825;
660, 0.817843;
661, 0.81786;
662, 0.817876;
663, 0.817891;
664, 0.817906;
665, 0.817919;
666, 0.817933;
667, 0.817945;
668, 0.817957;
669, 0.817968;
670, 0.817979;
671, 0.817989;
672, 0.817999;
673, 0.82028;
674, 0.822448;
675, 0.822235;
676, 0.822032;
677, 0.824112;
678, 0.823816;
679, 0.825807;
680, 0.827698;
681, 0.829495;
682, 0.831202;
683, 0.832824;
684, 0.834365;
685, 0.835828;
686, 0.834946;
687, 0.83638;
688, 0.837743;
689, 0.839038;
690, 0.840268;
691, 0.841436;
692, 0.842546;
693, 0.843601;
694, 0.844603;
695, 0.845554;
696, 0.846458;
697, 0.847317;
698, 0.848133;
699, 0.848908;
700, 0.849645;
701, 0.850344;
702, 0.851009;
703, 0.85164;
704, 0.85224;
705, 0.85281;
706, 0.853351;
707, 0.853866;
708, 0.854354;
709, 0.854818;
710, 0.855259;
711, 0.855678;
712, 0.856076;
713, 0.856454;
714, 0.856813;
715, 0.857154;
716, 0.857478;
717, 0.857786;
718, 0.858079;
719, 0.858357;
720, 0.858621;
721, 0.858871;
722, 0.85911;
723, 0.861609;
724, 0.86171;
725, 0.861806;
726, 0.861898;
727, 0.861985;
728, 0.862067;
729, 0.862146;
730, 0.86222;
731, 0.862291;
732, 0.862358;
733, 0.862422;
734, 0.862483;
735, 0.862541;
736, 0.862595;
737, 0.862648;
738, 0.862697;
739, 0.862744;
740, 0.862789;
741, 0.862831;
742, 0.862871;
743, 0.862909;
744, 0.862946;
745, 0.86298;
746, 0.863013;
747, 0.863044;
748, 0.863074;
749, 0.863102;
750, 0.863129;
751, 0.863154;
752, 0.863178;
753, 0.863201;
754, 0.863223;
755, 0.863244;
756, 0.863263;
757, 0.863282;
758, 0.8633;
759, 0.863316;
760, 0.863332;
761, 0.863348;
762, 0.863362;
763, 0.863376;
764, 0.863389;
765, 0.863401;
766, 0.863413;
767, 0.863424;
768, 0.863435;
769, 0.863445;
770, 0.863454;
771, 0.863463;
772, 0.863472;
773, 0.86348;
774, 0.863488;
775, 0.863496;
776, 0.863503;
777, 0.863509;
778, 0.863516;
779, 0.863522;
780, 0.863527;
781, 0.863533;
782, 0.863538;
783, 0.863543;
784, 0.863548;
785, 0.863552;
786, 0.863556;
787, 0.86356;
788, 0.863564;
789, 0.863568;
790, 0.863571;
791, 0.863574;
792, 0.863577;
793, 0.86358;
794, 0.863583;
795, 0.863586;
796, 0.863588;
797, 0.863591;
798, 0.863593;
799, 0.863595;
800, 0.86587;
801, 0.868031;
802, 0.870084;
803, 0.872034;
804, 0.873887;
805, 0.875647;
806, 0.87732;
807, 0.878908;
808, 0.880417;
809, 0.881851;
810, 0.883213;
811, 0.884507;
812, 0.885736;
813, 0.886904;
814, 0.888013;
815, 0.889067;
816, 0.890068;
817, 0.891019;
818, 0.891923;
819, 0.892781;
820, 0.893597;
821, 0.894372;
822, 0.895108;
823, 0.895807;
824, 0.896471;
825, 0.897102;
826, 0.897701;
827, 0.898271;
828, 0.898812;
829, 0.899326;
830, 0.899814;
831, 0.900278;
832, 0.900719;
833, 0.901137;
834, 0.901535;
835, 0.901913;
836, 0.902272;
837, 0.902613;
838, 0.902936;
839, 0.903244;
840, 0.903536;
841, 0.903814;
842, 0.904078;
843, 0.904329;
844, 0.904567;
845, 0.904793;
846, 0.905008;
847, 0.905212;
848, 0.905406;
849, 0.90559;
850, 0.905765;
851, 0.905932;
852, 0.90609;
853, 0.90624;
