1, 0.;
2, 0.910928;
3, 0.915381;
4, 0.919612;
5, 0.923632;
6, 0.92745;
7, 0.931077;
8, 0.934524;
9, 0.937797;
10, 0.940908;
11, 0.943862;
12, 0.946669;
13, 0.949336;
14, 0.951869;
15, 0.954275;
16, 0.956562;
17, 0.958734;
18, 0.960797;
19, 0.962757;
20, 0.964619;
21, 0.966388;
22, 0.968069;
23, 0.969665;
24, 0.971182;
25, 0.972623;
26, 0.973992;
27, 0.975292;
28, 0.976528;
29, 0.977701;
30, 0.978816;
31, 0.979875;
32, 0.980882;
33, 0.981838;
34, 0.982746;
35, 0.983608;
36, 0.984428;
37, 0.985207;
38, 0.985946;
39, 0.986649;
40, 0.987316;
41, 0.987951;
42, 0.988553;
43, 0.989125;
44, 0.989669;
45, 0.990186;
46, 0.990676;
47, 0.991143;
48, 0.991585;
49, 0.992006;
50, 0.992406;
51, 0.992786;
52, 0.993146;
53, 0.993489;
54, 0.993815;
55, 0.994124;
56, 0.994418;
57, 0.994697;
58, 0.994962;
59, 0.995214;
60, 0.995453;
61, 0.99568;
62, 0.995896;
63, 0.996102;
64, 0.996297;
65, 0.996482;
66, 0.996658;
67, 0.996825;
68, 0.996984;
69, 0.997134;
70, 0.997278;
71, 0.997414;
72, 0.997543;
73, 0.997666;
74, 0.997783;
75, 0.997893;
76, 0.997999;
77, 0.998099;
78, 0.998194;
79, 0.998284;
80, 0.99837;
81, 0.998452;
82, 0.998529;
83, 0.998603;
84, 0.998672;
85, 0.998739;
86, 0.998802;
87, 0.998862;
88, 0.998919;
89, 0.998973;
90, 0.999024;
91, 0.999073;
92, 0.999095;
93, 0.999116;
94, 0.99916;
95, 0.999202;
96, 0.999242;
97, 0.99928;
98, 0.999316;
99, 0.99935;
100, 0.999382;
101, 0.999413;
102, 0.999443;
103, 0.999471;
104, 0.999473;
105, 0.999475;
106, 0.999476;
107, 0.999503;
108, 0.999503;
109, 0.999528;
110, 0.999551;
111, 0.999574;
112, 0.999595;
113, 0.999615;
114, 0.999635;
115, 0.999653;
116, 0.99967;
117, 0.999687;
118, 0.949702;
119, 0.902217;
120, 0.857106;
121, 0.815154;
122, 0.780256;
123, 0.746444;
124, 0.719229;
125, 0.694522;
126, 0.680133;
127, 0.668319;
128, 0.658999;
129, 0.648266;
130, 0.640389;
131, 0.631026;
132, 0.621325;
133, 0.613916;
134, 0.606536;
135, 0.597034;
136, 0.595649;
137, 0.59741;
138, 0.598203;
139, 0.600593;
140, 0.602863;
141, 0.608731;
142, 0.612449;
143, 0.616178;
144, 0.6226;
145, 0.625796;
146, 0.621753;
147, 0.620963;
148, 0.623069;
149, 0.614547;
150, 0.606745;
151, 0.602335;
152, 0.591554;
153, 0.573818;
154, 0.553696;
155, 0.532383;
156, 0.512649;
157, 0.4929;
158, 0.471161;
159, 0.44936;
160, 0.427771;
161, 0.408067;
162, 0.388714;
163, 0.370377;
164, 0.352883;
165, 0.336997;
166, 0.320831;
167, 0.304789;
168, 0.28955;
169, 0.275072;
170, 0.261319;
171, 0.248253;
172, 0.23584;
173, 0.225171;
174, 0.213912;
175, 0.205121;
176, 0.196135;
177, 0.190869;
178, 0.187502;
179, 0.190114;
180, 0.192303;
181, 0.213743;
182, 0.218119;
183, 0.221153;
184, 0.229969;
185, 0.23849;
186, 0.249319;
187, 0.260559;
188, 0.272019;
189, 0.283491;
190, 0.298027;
191, 0.314181;
192, 0.329868;
193, 0.342501;
194, 0.353647;
195, 0.356399;
196, 0.360625;
197, 0.366056;
198, 0.368945;
199, 0.364999;
200, 0.362374;
201, 0.355633;
202, 0.349643;
203, 0.350081;
204, 0.349056;
205, 0.34674;
206, 0.344174;
207, 0.342321;
208, 0.34;
209, 0.335012;
210, 0.328173;
211, 0.320554;
212, 0.317856;
213, 0.311778;
214, 0.305759;
215, 0.299553;
216, 0.291753;
217, 0.287468;
218, 0.273095;
219, 0.25944;
220, 0.246468;
221, 0.234145;
222, 0.222438;
223, 0.21217;
224, 0.201562;
225, 0.191484;
226, 0.181909;
227, 0.174303;
228, 0.168371;
229, 0.16862;
230, 0.171663;
231, 0.178388;
232, 0.184849;
233, 0.198849;
234, 0.215127;
235, 0.233619;
236, 0.248623;
237, 0.265146;
238, 0.286875;
239, 0.302267;
240, 0.320845;
241, 0.338958;
242, 0.36034;
243, 0.383388;
244, 0.404526;
245, 0.426585;
246, 0.447419;
247, 0.468212;
248, 0.490138;
249, 0.509577;
250, 0.52819;
251, 0.545677;
252, 0.563315;
253, 0.579827;
254, 0.596294;
255, 0.610791;
256, 0.624075;
257, 0.635986;
258, 0.647351;
259, 0.657269;
260, 0.667423;
261, 0.676532;
262, 0.685943;
263, 0.693125;
264, 0.700681;
265, 0.708762;
266, 0.716341;
267, 0.721027;
268, 0.723233;
269, 0.720177;
270, 0.71239;
271, 0.704847;
272, 0.697803;
273, 0.686912;
274, 0.670804;
275, 0.653792;
276, 0.638802;
277, 0.622634;
278, 0.600438;
279, 0.582159;
280, 0.558984;
281, 0.534159;
282, 0.508281;
283, 0.483795;
284, 0.459605;
285, 0.436625;
286, 0.414794;
287, 0.394054;
288, 0.374351;
289, 0.355634;
290, 0.337852;
291, 0.32096;
292, 0.304912;
293, 0.289666;
294, 0.275183;
295, 0.261424;
296, 0.248352;
297, 0.235935;
298, 0.224138;
299, 0.212931;
300, 0.202285;
301, 0.19217;
302, 0.182562;
303, 0.173434;
304, 0.164762;
305, 0.156524;
306, 0.148698;
307, 0.141263;
308, 0.1342;
309, 0.12749;
310, 0.121115;
311, 0.115059;
312, 0.109307;
313, 0.103841;
314, 0.098649;
315, 0.093717;
316, 0.089031;
317, 0.084579;
318, 0.08035;
319, 0.076333;
320, 0.072516;
321, 0.06889;
322, 0.065446;
323, 0.062174;
324, 0.059065;
325, 0.056112;
326, 0.053306;
327, 0.050641;
328, 0.048109;
329, 0.045703;
330, 0.043418;
331, 0.041247;
332, 0.039185;
333, 0.037226;
334, 0.035364;
335, 0.033596;
336, 0.031916;
337, 0.03032;
338, 0.028804;
339, 0.027364;
340, 0.025996;
341, 0.024696;
342, 0.023461;
343, 0.022288;
344, 0.021174;
345, 0.022532;
346, 0.029145;
347, 0.030666;
348, 0.032111;
349, 0.032337;
350, 0.035798;
351, 0.039404;
352, 0.044318;
353, 0.049085;
354, 0.054077;
355, 0.059161;
356, 0.064724;
357, 0.073792;
358, 0.079917;
359, 0.085662;
360, 0.091413;
361, 0.097267;
362, 0.103244;
363, 0.109874;
364, 0.115464;
365, 0.122923;
366, 0.128838;
367, 0.134456;
368, 0.141552;
369, 0.147316;
370, 0.155722;
371, 0.163219;
372, 0.170634;
373, 0.176971;
374, 0.18194;
375, 0.189958;
376, 0.19838;
377, 0.206063;
378, 0.214901;
379, 0.223638;
380, 0.228399;
381, 0.237242;
382, 0.245034;
383, 0.252801;
384, 0.260498;
385, 0.271155;
386, 0.281035;
387, 0.290054;
388, 0.300893;
389, 0.308847;
390, 0.317184;
391, 0.328668;
392, 0.337796;
393, 0.346492;
394, 0.354314;
395, 0.369045;
396, 0.378425;
397, 0.385626;
398, 0.395813;
399, 0.406198;
400, 0.413964;
401, 0.420708;
402, 0.426479;
403, 0.43284;
404, 0.440642;
405, 0.447345;
406, 0.454348;
407, 0.461367;
408, 0.467839;
409, 0.473085;
410, 0.476921;
411, 0.480736;
412, 0.484971;
413, 0.489726;
414, 0.493414;
415, 0.497063;
416, 0.501409;
417, 0.505441;
418, 0.50949;
419, 0.513312;
420, 0.516235;
421, 0.518866;
422, 0.520218;
423, 0.520794;
424, 0.522;
425, 0.522267;
426, 0.522887;
427, 0.524087;
428, 0.5263;
429, 0.526475;
430, 0.526982;
431, 0.527122;
432, 0.527573;
433, 0.528025;
434, 0.528504;
435, 0.528153;
436, 0.526061;
437, 0.52637;
438, 0.525686;
439, 0.524573;
440, 0.524491;
441, 0.524292;
442, 0.523981;
443, 0.52371;
444, 0.522964;
445, 0.521205;
446, 0.522196;
447, 0.522233;
448, 0.521708;
449, 0.519768;
450, 0.518267;
451, 0.516645;
452, 0.515276;
453, 0.514317;
454, 0.513259;
455, 0.512669;
456, 0.511474;
457, 0.51029;
458, 0.508189;
459, 0.506949;
460, 0.505406;
461, 0.504159;
462, 0.501656;
463, 0.4994;
464, 0.498332;
465, 0.497121;
466, 0.498193;
467, 0.499626;
468, 0.501525;
469, 0.502938;
470, 0.502815;
471, 0.501771;
472, 0.500413;
473, 0.498757;
474, 0.495669;
475, 0.492248;
476, 0.490829;
477, 0.489066;
478, 0.48783;
479, 0.486608;
480, 0.485813;
481, 0.484447;
482, 0.483296;
483, 0.481641;
484, 0.479263;
485, 0.479982;
486, 0.479909;
487, 0.478789;
488, 0.477238;
489, 0.476105;
490, 0.475664;
491, 0.475221;
492, 0.473896;
493, 0.472638;
494, 0.470735;
495, 0.468487;
496, 0.467695;
497, 0.466893;
498, 0.468475;
499, 0.468611;
500, 0.469057;
501, 0.469091;
502, 0.46734;
503, 0.465433;
504, 0.463133;
505, 0.460338;
506, 0.457756;
507, 0.457939;
508, 0.458968;
509, 0.462313;
510, 0.462391;
511, 0.461366;
512, 0.461955;
513, 0.463003;
514, 0.463827;
515, 0.466613;
516, 0.469478;
517, 0.47242;
518, 0.475948;
519, 0.478298;
520, 0.481263;
521, 0.480588;
522, 0.482169;
523, 0.483574;
524, 0.484077;
525, 0.486412;
526, 0.485748;
527, 0.487633;
528, 0.490863;
529, 0.492687;
530, 0.494103;
531, 0.492689;
532, 0.490515;
533, 0.487694;
534, 0.486624;
535, 0.486732;
536, 0.486174;
537, 0.489795;
538, 0.493113;
539, 0.495264;
540, 0.497747;
541, 0.50057;
542, 0.503251;
543, 0.508631;
544, 0.512887;
545, 0.517003;
546, 0.521133;
547, 0.529354;
548, 0.534649;
549, 0.541925;
550, 0.544297;
551, 0.54633;
552, 0.551728;
553, 0.556539;
554, 0.562184;
555, 0.567766;
556, 0.573265;
557, 0.57822;
558, 0.582268;
559, 0.586113;
560, 0.590133;
561, 0.593243;
562, 0.595759;
563, 0.59832;
564, 0.600508;
565, 0.602563;
566, 0.605711;
567, 0.607799;
568, 0.613297;
569, 0.619376;
570, 0.625907;
571, 0.631379;
572, 0.636749;
573, 0.642997;
574, 0.648543;
575, 0.656374;
576, 0.663131;
577, 0.670331;
578, 0.67678;
579, 0.682589;
580, 0.688182;
581, 0.691687;
582, 0.695189;
583, 0.69876;
584, 0.701517;
585, 0.708531;
586, 0.712753;
587, 0.716666;
588, 0.720335;
589, 0.724503;
590, 0.727585;
591, 0.730561;
592, 0.732998;
593, 0.737022;
594, 0.738013;
595, 0.736708;
596, 0.739838;
597, 0.742861;
598, 0.745903;
599, 0.748086;
600, 0.750598;
601, 0.751032;
602, 0.752739;
603, 0.753017;
604, 0.753501;
605, 0.752593;
606, 0.753904;
607, 0.754221;
608, 0.752985;
609, 0.752323;
610, 0.750376;
611, 0.747183;
612, 0.745908;
613, 0.743769;
614, 0.739515;
615, 0.735718;
616, 0.731427;
617, 0.726081;
618, 0.720466;
619, 0.714569;
620, 0.711165;
621, 0.708175;
622, 0.704773;
623, 0.703666;
624, 0.703272;
625, 0.703851;
626, 0.702911;
627, 0.698625;
628, 0.696726;
629, 0.694678;
630, 0.695369;
631, 0.694267;
632, 0.692171;
633, 0.690058;
634, 0.684705;
635, 0.682428;
636, 0.676383;
637, 0.67042;
638, 0.670615;
639, 0.670483;
640, 0.671822;
641, 0.668992;
642, 0.662984;
643, 0.656471;
644, 0.659609;
645, 0.661834;
646, 0.663166;
647, 0.655227;
648, 0.650713;
649, 0.641737;
650, 0.631159;
651, 0.621769;
652, 0.608039;
653, 0.5969;
654, 0.58473;
655, 0.57212;
656, 0.562947;
657, 0.555039;
658, 0.547185;
659, 0.541847;
660, 0.536312;
661, 0.530761;
662, 0.523291;
663, 0.516194;
664, 0.508816;
665, 0.499513;
666, 0.49092;
667, 0.491959;
668, 0.49119;
669, 0.492582;
670, 0.493026;
671, 0.494669;
672, 0.494179;
673, 0.488488;
674, 0.482399;
675, 0.477883;
676, 0.473374;
677, 0.466649;
678, 0.458844;
679, 0.462171;
680, 0.465503;
681, 0.46547;
682, 0.458041;
683, 0.452644;
684, 0.447858;
685, 0.442604;
686, 0.437515;
687, 0.430996;
688, 0.42363;
689, 0.420637;
690, 0.425069;
691, 0.427351;
692, 0.426247;
693, 0.427152;
694, 0.430477;
695, 0.434075;
696, 0.437859;
697, 0.440185;
698, 0.4432;
699, 0.442891;
700, 0.442914;
701, 0.443693;
702, 0.446484;
703, 0.449038;
704, 0.451489;
705, 0.453768;
706, 0.454785;
707, 0.455532;
708, 0.455827;
709, 0.456449;
710, 0.456868;
711, 0.457341;
712, 0.457887;
713, 0.460017;
714, 0.461161;
715, 0.461101;
716, 0.460922;
717, 0.459995;
718, 0.458236;
719, 0.460568;
720, 0.459537;
721, 0.457434;
722, 0.455217;
723, 0.453916;
724, 0.451215;
725, 0.449455;
726, 0.446514;
727, 0.446161;
728, 0.445312;
729, 0.445019;
730, 0.445205;
731, 0.445308;
732, 0.445284;
733, 0.444358;
734, 0.443233;
735, 0.439919;
736, 0.43848;
737, 0.433939;
738, 0.429283;
739, 0.424738;
740, 0.420322;
741, 0.415737;
742, 0.412357;
743, 0.411148;
744, 0.410781;
745, 0.410164;
746, 0.410603;
747, 0.41102;
748, 0.410391;
749, 0.409867;
750, 0.408831;
751, 0.408507;
752, 0.407979;
753, 0.408283;
754, 0.408377;
755, 0.40849;
756, 0.407914;
757, 0.407758;
758, 0.407683;
759, 0.408783;
760, 0.410731;
761, 0.412045;
762, 0.408826;
763, 0.405182;
764, 0.4015;
765, 0.397758;
766, 0.39496;
767, 0.392326;
768, 0.388261;
769, 0.384498;
770, 0.382582;
771, 0.379127;
772, 0.375991;
773, 0.372621;
774, 0.367662;
775, 0.363586;
776, 0.359493;
777, 0.353066;
778, 0.34762;
779, 0.341177;
780, 0.334372;
781, 0.327638;
782, 0.320607;
783, 0.313976;
784, 0.309532;
785, 0.304285;
786, 0.299178;
787, 0.294156;
788, 0.28914;
789, 0.286598;
790, 0.291359;
791, 0.295981;
792, 0.300371;
793, 0.30962;
794, 0.31826;
795, 0.325321;
796, 0.331467;
797, 0.335109;
798, 0.340057;
799, 0.344954;
800, 0.349117;
801, 0.353414;
802, 0.356862;
803, 0.360772;
804, 0.363949;
805, 0.366967;
806, 0.369444;
807, 0.371187;
808, 0.373575;
809, 0.375208;
810, 0.376492;
811, 0.377003;
812, 0.377465;
813, 0.378782;
814, 0.379618;
815, 0.381365;
816, 0.382707;
817, 0.383933;
818, 0.385317;
819, 0.385851;
820, 0.387408;
821, 0.388106;
822, 0.389453;
823, 0.38956;
824, 0.389931;
825, 0.39104;
826, 0.389676;
827, 0.389431;
828, 0.389612;
829, 0.389687;
830, 0.390906;
831, 0.392088;
832, 0.394408;
833, 0.394243;
834, 0.39687;
835, 0.39646;
836, 0.396534;
837, 0.396239;
838, 0.401036;
839, 0.400565;
840, 0.400483;
841, 0.401064;
842, 0.402105;
843, 0.40324;
844, 0.407931;
845, 0.409629;
846, 0.410852;
847, 0.411257;
848, 0.412129;
849, 0.41308;
850, 0.415986;
851, 0.420797;
852, 0.420289;
853, 0.420418;
854, 0.42237;
855, 0.42215;
856, 0.421502;
857, 0.424816;
858, 0.428356;
859, 0.427739;
860, 0.427275;
861, 0.426785;
862, 0.429738;
863, 0.429027;
864, 0.42801;
865, 0.430291;
866, 0.429334;
867, 0.428424;
868, 0.427681;
869, 0.430687;
870, 0.429978;
871, 0.428742;
872, 0.427715;
873, 0.4263;
874, 0.42542;
875, 0.424364;
876, 0.423165;
877, 0.422319;
878, 0.425349;
879, 0.426933;
880, 0.425484;
881, 0.42418;
882, 0.422503;
883, 0.424839;
884, 0.423617;
885, 0.425483;
886, 0.428354;
887, 0.428348;
888, 0.429928;
889, 0.431552;
890, 0.431947;
891, 0.431321;
892, 0.429067;
893, 0.427657;
894, 0.426953;
895, 0.425161;
896, 0.426511;
897, 0.423862;
898, 0.421712;
899, 0.420621;
900, 0.422198;
901, 0.423768;
902, 0.424528;
903, 0.423907;
904, 0.425197;
905, 0.42237;
906, 0.425275;
907, 0.424934;
908, 0.424952;
909, 0.424798;
910, 0.427069;
911, 0.4293;
912, 0.431272;
913, 0.433488;
914, 0.434836;
915, 0.436458;
916, 0.437975;
917, 0.438733;
918, 0.439159;
919, 0.439784;
920, 0.440769;
921, 0.441069;
922, 0.441062;
923, 0.431606;
924, 0.426823;
925, 0.421815;
926, 0.415861;
927, 0.408666;
928, 0.398951;
929, 0.390405;
930, 0.394371;
931, 0.398944;
932, 0.402117;
933, 0.407084;
934, 0.40985;
935, 0.419827;
936, 0.428962;
937, 0.43791;
938, 0.446019;
939, 0.454016;
940, 0.461344;
941, 0.468477;
942, 0.475351;
943, 0.481711;
944, 0.487752;
945, 0.493882;
946, 0.499046;
947, 0.504538;
948, 0.509683;
949, 0.51435;
950, 0.5181;
951, 0.521345;
952, 0.525478;
953, 0.528135;
954, 0.530903;
955, 0.533826;
956, 0.536407;
957, 0.539176;
958, 0.541222;
959, 0.543628;
960, 0.546427;
961, 0.548989;
962, 0.551105;
963, 0.552822;
964, 0.554624;
965, 0.557044;
966, 0.55888;
967, 0.560257;
968, 0.561272;
969, 0.562286;
970, 0.562443;
971, 0.562666;
972, 0.563488;
973, 0.564268;
974, 0.564937;
975, 0.565376;
976, 0.565574;
977, 0.565592;
978, 0.565779;
979, 0.565786;
980, 0.566183;
981, 0.565608;
982, 0.565868;
983, 0.565797;
984, 0.565779;
985, 0.565371;
986, 0.565178;
987, 0.564947;
988, 0.564751;
989, 0.564858;
990, 0.564936;
991, 0.564814;
992, 0.564723;
993, 0.564636;
994, 0.564505;
995, 0.564356;
996, 0.564238;
997, 0.563956;
998, 0.563151;
999, 0.562581;
1000, 0.562138;
1001, 0.561716;
1002, 0.561121;
1003, 0.560726;
1004, 0.559716;
1005, 0.558879;
1006, 0.558181;
1007, 0.558128;
1008, 0.556906;
1009, 0.556063;
1010, 0.554676;
1011, 0.554042;
1012, 0.553488;
1013, 0.552742;
1014, 0.550764;
1015, 0.55057;
1016, 0.550263;
1017, 0.550582;
1018, 0.549249;
1019, 0.549521;
1020, 0.551171;
1021, 0.553422;
1022, 0.554877;
1023, 0.556283;
1024, 0.555349;
1025, 0.561346;
1026, 0.56448;
1027, 0.563405;
1028, 0.560723;
1029, 0.561422;
1030, 0.558155;
1031, 0.554906;
1032, 0.555115;
1033, 0.553384;
1034, 0.55113;
1035, 0.548525;
1036, 0.545537;
1037, 0.541918;
1038, 0.538772;
1039, 0.54091;
1040, 0.541868;
1041, 0.543436;
1042, 0.544292;
1043, 0.545715;
1044, 0.546896;
1045, 0.542794;
1046, 0.539482;
1047, 0.537654;
1048, 0.534014;
1049, 0.530043;
1050, 0.525513;
1051, 0.520551;
1052, 0.517155;
1053, 0.513343;
1054, 0.509551;
1055, 0.50507;
1056, 0.500934;
1057, 0.496396;
1058, 0.492865;
1059, 0.489047;
1060, 0.486933;
1061, 0.484706;
1062, 0.480856;
1063, 0.476613;
1064, 0.472192;
1065, 0.467796;
1066, 0.464035;
1067, 0.459705;
1068, 0.454298;
1069, 0.448917;
1070, 0.435993;
1071, 0.425936;
1072, 0.418116;
1073, 0.413348;
1074, 0.408867;
1075, 0.404;
1076, 0.398326;
1077, 0.391716;
1078, 0.385265;
1079, 0.378404;
1080, 0.36964;
1081, 0.361436;
1082, 0.355986;
1083, 0.349882;
1084, 0.34374;
1085, 0.336734;
1086, 0.330249;
1087, 0.323355;
1088, 0.315049;
1089, 0.306376;
1090, 0.298553;
1091, 0.290119;
1092, 0.283401;
1093, 0.277337;
1094, 0.27138;
1095, 0.26721;
1096, 0.258928;
1097, 0.25062;
1098, 0.253104;
1099, 0.257002;
1100, 0.262267;
1101, 0.268782;
1102, 0.27341;
1103, 0.279612;
1104, 0.284504;
1105, 0.289614;
1106, 0.292907;
1107, 0.297646;
