1, 0.;
2, 0.282764;
3, 0.268626;
4, 0.255195;
5, 0.242435;
6, 0.231415;
7, 0.221135;
8, 0.210079;
9, 0.199858;
10, 0.190369;
11, 0.18085;
12, 0.173666;
13, 0.169076;
14, 0.162794;
15, 0.157425;
16, 0.152608;
17, 0.147339;
18, 0.141799;
19, 0.136346;
20, 0.131764;
21, 0.127758;
22, 0.124424;
23, 0.121635;
24, 0.117631;
25, 0.114804;
26, 0.112747;
27, 0.107771;
28, 0.102383;
29, 0.097264;
30, 0.09281;
31, 0.088547;
32, 0.085726;
33, 0.082541;
34, 0.080713;
35, 0.079416;
36, 0.080011;
37, 0.081332;
38, 0.081453;
39, 0.082009;
40, 0.084646;
41, 0.086931;
42, 0.088599;
43, 0.090529;
44, 0.092552;
45, 0.095764;
46, 0.098596;
47, 0.10308;
48, 0.106616;
49, 0.11155;
50, 0.1163;
51, 0.120623;
52, 0.124951;
53, 0.128685;
54, 0.131917;
55, 0.134956;
56, 0.138252;
57, 0.141572;
58, 0.143782;
59, 0.145378;
60, 0.148688;
61, 0.149503;
62, 0.150025;
63, 0.150238;
64, 0.148866;
65, 0.1509;
66, 0.152045;
67, 0.156502;
68, 0.159729;
69, 0.162448;
70, 0.165314;
71, 0.167974;
72, 0.16943;
73, 0.171192;
74, 0.171637;
75, 0.172533;
76, 0.173321;
77, 0.174793;
78, 0.173547;
79, 0.171923;
80, 0.170883;
81, 0.171313;
82, 0.169957;
83, 0.171031;
84, 0.168619;
85, 0.16658;
86, 0.166343;
87, 0.166842;
88, 0.167505;
89, 0.168103;
90, 0.168042;
91, 0.16896;
92, 0.170209;
93, 0.171932;
94, 0.174544;
95, 0.179955;
96, 0.178199;
97, 0.178388;
98, 0.177781;
99, 0.181266;
100, 0.184514;
101, 0.185679;
102, 0.189461;
103, 0.192835;
104, 0.19626;
105, 0.198663;
106, 0.203497;
107, 0.208278;
108, 0.212663;
109, 0.2173;
110, 0.222462;
111, 0.227743;
112, 0.231154;
113, 0.234112;
114, 0.237992;
115, 0.246464;
116, 0.254292;
117, 0.261539;
118, 0.269275;
119, 0.275962;
120, 0.282126;
121, 0.286723;
122, 0.292758;
123, 0.296004;
124, 0.298018;
125, 0.301473;
126, 0.30441;
127, 0.305499;
128, 0.305684;
129, 0.307591;
130, 0.309844;
131, 0.31318;
132, 0.322805;
133, 0.329901;
134, 0.337587;
135, 0.344669;
136, 0.345383;
137, 0.343258;
138, 0.340988;
139, 0.340028;
140, 0.335936;
141, 0.334284;
142, 0.335832;
143, 0.335319;
144, 0.333635;
145, 0.332066;
146, 0.329695;
147, 0.32804;
148, 0.324894;
149, 0.320519;
150, 0.318945;
151, 0.317954;
152, 0.315847;
153, 0.314665;
154, 0.312817;
155, 0.311471;
156, 0.309121;
157, 0.310384;
158, 0.309443;
159, 0.308329;
160, 0.307175;
161, 0.307717;
162, 0.308358;
163, 0.308085;
164, 0.31025;
165, 0.311268;
166, 0.312203;
167, 0.314256;
168, 0.315955;
169, 0.31631;
170, 0.317025;
171, 0.317357;
172, 0.317233;
173, 0.317964;
174, 0.321115;
175, 0.323321;
176, 0.322835;
177, 0.324546;
178, 0.325983;
179, 0.327284;
180, 0.326978;
181, 0.327852;
182, 0.329753;
183, 0.330551;
184, 0.331939;
185, 0.334045;
186, 0.337148;
187, 0.34126;
188, 0.346237;
189, 0.349423;
190, 0.353583;
191, 0.357535;
192, 0.362202;
193, 0.363487;
194, 0.36622;
195, 0.368501;
196, 0.371423;
197, 0.37464;
198, 0.377067;
199, 0.381828;
200, 0.385596;
201, 0.391662;
202, 0.399283;
203, 0.406618;
204, 0.412861;
205, 0.416777;
206, 0.420277;
207, 0.426058;
208, 0.431235;
209, 0.436846;
210, 0.439941;
211, 0.443416;
212, 0.446119;
213, 0.448026;
214, 0.451128;
215, 0.454391;
216, 0.458623;
217, 0.462235;
218, 0.465603;
219, 0.469055;
220, 0.471798;
221, 0.474972;
222, 0.476538;
223, 0.478278;
224, 0.480781;
225, 0.482907;
226, 0.487918;
227, 0.492804;
228, 0.499965;
229, 0.508971;
230, 0.516804;
231, 0.523583;
232, 0.52974;
233, 0.537447;
234, 0.545587;
235, 0.551998;
236, 0.557963;
237, 0.565297;
238, 0.57025;
239, 0.575743;
240, 0.581717;
241, 0.586667;
242, 0.590678;
243, 0.59496;
244, 0.599406;
245, 0.603661;
246, 0.607105;
247, 0.610629;
248, 0.613882;
249, 0.616973;
250, 0.619688;
251, 0.622048;
252, 0.624667;
253, 0.627439;
254, 0.630387;
255, 0.632526;
256, 0.635251;
257, 0.636769;
258, 0.638243;
259, 0.640588;
260, 0.642154;
261, 0.645059;
262, 0.647158;
263, 0.648112;
264, 0.649491;
265, 0.650172;
266, 0.651007;
267, 0.650856;
268, 0.651625;
269, 0.652734;
270, 0.65341;
271, 0.654303;
272, 0.655121;
273, 0.656339;
274, 0.65781;
275, 0.65946;
276, 0.661909;
277, 0.664393;
278, 0.666752;
279, 0.669372;
280, 0.670821;
281, 0.673049;
282, 0.675511;
283, 0.677315;
284, 0.678462;
285, 0.679394;
286, 0.681916;
287, 0.685447;
288, 0.687793;
289, 0.690368;
290, 0.691743;
291, 0.694593;
292, 0.698592;
293, 0.701351;
294, 0.704571;
295, 0.708794;
296, 0.711075;
297, 0.713745;
298, 0.715558;
299, 0.716367;
300, 0.718269;
301, 0.720517;
302, 0.722369;
303, 0.723215;
304, 0.725058;
305, 0.726022;
306, 0.726591;
307, 0.727415;
308, 0.729048;
309, 0.731796;
310, 0.735477;
311, 0.739226;
312, 0.742063;
313, 0.744947;
314, 0.747719;
315, 0.750226;
316, 0.75267;
317, 0.754835;
318, 0.757742;
319, 0.758835;
320, 0.759023;
321, 0.759737;
322, 0.759533;
323, 0.760379;
324, 0.759734;
325, 0.758996;
326, 0.759994;
327, 0.760691;
328, 0.760786;
329, 0.760436;
330, 0.761677;
331, 0.760999;
332, 0.75963;
333, 0.759621;
334, 0.759833;
335, 0.760821;
336, 0.762295;
337, 0.764262;
338, 0.765344;
339, 0.76571;
340, 0.766467;
341, 0.767124;
342, 0.768251;
343, 0.769606;
344, 0.770294;
345, 0.770822;
346, 0.77167;
347, 0.772791;
348, 0.772659;
349, 0.772785;
350, 0.773126;
351, 0.772788;
352, 0.771838;
353, 0.77169;
354, 0.772464;
355, 0.772852;
356, 0.773819;
357, 0.772848;
358, 0.772776;
359, 0.772488;
360, 0.773032;
361, 0.773486;
362, 0.773729;
363, 0.772794;
364, 0.773859;
365, 0.774492;
366, 0.774338;
367, 0.774853;
368, 0.775153;
369, 0.777768;
370, 0.779654;
371, 0.780848;
372, 0.781698;
373, 0.781215;
374, 0.782866;
375, 0.784025;
376, 0.784937;
377, 0.785237;
378, 0.785207;
379, 0.787319;
380, 0.788413;
381, 0.789641;
382, 0.790335;
383, 0.791373;
384, 0.791288;
385, 0.791585;
386, 0.791898;
387, 0.793865;
388, 0.794884;
389, 0.795914;
390, 0.798184;
391, 0.799018;
392, 0.801479;
393, 0.805454;
394, 0.809828;
395, 0.813512;
396, 0.816508;
397, 0.819385;
398, 0.821993;
399, 0.826044;
400, 0.830775;
401, 0.836465;
402, 0.842186;
403, 0.845889;
404, 0.844841;
405, 0.845011;
406, 0.8447;
407, 0.843775;
408, 0.847588;
409, 0.850328;
410, 0.854033;
411, 0.855884;
412, 0.856321;
413, 0.859632;
414, 0.864478;
415, 0.869176;
416, 0.875717;
417, 0.881333;
418, 0.885755;
419, 0.887689;
420, 0.885118;
421, 0.883715;
422, 0.881846;
423, 0.880544;
424, 0.876882;
425, 0.875009;
426, 0.873072;
427, 0.869658;
428, 0.874191;
429, 0.875696;
430, 0.878164;
431, 0.879627;
432, 0.88086;
433, 0.88244;
434, 0.886681;
435, 0.889986;
436, 0.888937;
437, 0.88876;
438, 0.89067;
439, 0.888516;
440, 0.88625;
441, 0.884759;
442, 0.882524;
443, 0.880526;
444, 0.878597;
445, 0.877236;
446, 0.875692;
447, 0.874665;
448, 0.87347;
449, 0.872523;
450, 0.871403;
451, 0.870434;
452, 0.870111;
453, 0.870718;
454, 0.869405;
455, 0.868;
456, 0.866193;
457, 0.864382;
458, 0.86304;
459, 0.861449;
460, 0.859309;
461, 0.857559;
462, 0.857093;
463, 0.856178;
464, 0.85556;
465, 0.853084;
466, 0.850134;
467, 0.847048;
468, 0.843802;
469, 0.840623;
470, 0.837918;
471, 0.834781;
472, 0.8324;
473, 0.829414;
474, 0.828025;
475, 0.826359;
476, 0.825721;
477, 0.824454;
478, 0.823156;
479, 0.821733;
480, 0.820697;
481, 0.819587;
482, 0.819413;
483, 0.81906;
484, 0.818944;
485, 0.819118;
486, 0.819755;
487, 0.819385;
488, 0.819033;
489, 0.817722;
490, 0.817138;
491, 0.816993;
492, 0.817862;
493, 0.817964;
494, 0.818502;
495, 0.818131;
496, 0.818786;
497, 0.818779;
498, 0.81937;
499, 0.819113;
500, 0.818649;
501, 0.817609;
502, 0.817409;
503, 0.816368;
504, 0.814656;
505, 0.813438;
506, 0.813478;
507, 0.814177;
508, 0.815155;
509, 0.815172;
510, 0.815125;
511, 0.814797;
512, 0.815619;
513, 0.816463;
514, 0.816981;
515, 0.817883;
516, 0.819085;
517, 0.820858;
518, 0.822793;
519, 0.824255;
520, 0.826335;
521, 0.829508;
522, 0.833058;
523, 0.834951;
524, 0.835332;
525, 0.835725;
526, 0.836602;
527, 0.838758;
528, 0.840649;
529, 0.841343;
530, 0.840838;
531, 0.840106;
532, 0.839316;
533, 0.83866;
534, 0.837974;
535, 0.837983;
536, 0.837709;
537, 0.837196;
538, 0.837276;
539, 0.83669;
540, 0.836292;
541, 0.835661;
542, 0.833897;
543, 0.832914;
544, 0.832452;
545, 0.830376;
546, 0.828624;
547, 0.828125;
548, 0.828123;
549, 0.827995;
550, 0.828629;
551, 0.828571;
552, 0.828294;
553, 0.828441;
554, 0.827322;
555, 0.825408;
556, 0.824408;
557, 0.823364;
558, 0.821428;
559, 0.819556;
560, 0.818377;
561, 0.81754;
562, 0.815265;
563, 0.812695;
564, 0.811418;
565, 0.80926;
566, 0.807304;
567, 0.806517;
568, 0.804164;
569, 0.802589;
570, 0.801628;
571, 0.801345;
572, 0.799439;
573, 0.798605;
574, 0.796867;
575, 0.796665;
576, 0.795024;
577, 0.793812;
578, 0.792912;
579, 0.791554;
580, 0.790389;
581, 0.78944;
582, 0.789295;
583, 0.788589;
584, 0.788706;
585, 0.788755;
586, 0.788706;
587, 0.789353;
588, 0.78981;
589, 0.78996;
590, 0.790733;
591, 0.791656;
592, 0.791651;
593, 0.792182;
594, 0.792434;
595, 0.792139;
596, 0.792078;
597, 0.792934;
598, 0.792582;
599, 0.792311;
600, 0.79284;
601, 0.793973;
602, 0.795269;
603, 0.797414;
604, 0.796806;
605, 0.797835;
606, 0.800072;
607, 0.801693;
608, 0.804177;
609, 0.806412;
610, 0.807433;
611, 0.808749;
612, 0.809873;
613, 0.809367;
614, 0.809106;
615, 0.809079;
616, 0.809746;
617, 0.810128;
618, 0.810459;
619, 0.81027;
620, 0.808075;
621, 0.805045;
622, 0.804528;
623, 0.804352;
624, 0.802579;
625, 0.80121;
626, 0.799373;
627, 0.798227;
628, 0.796918;
629, 0.796996;
630, 0.797827;
631, 0.79849;
632, 0.798395;
633, 0.797361;
634, 0.796976;
635, 0.795918;
636, 0.794661;
637, 0.79797;
638, 0.799948;
639, 0.801512;
640, 0.803597;
641, 0.805104;
642, 0.806505;
643, 0.808749;
644, 0.809716;
645, 0.81054;
646, 0.811795;
647, 0.81176;
648, 0.811694;
649, 0.810404;
650, 0.806723;
651, 0.804139;
652, 0.801904;
653, 0.799309;
654, 0.797819;
655, 0.794925;
656, 0.792867;
657, 0.791322;
658, 0.789256;
659, 0.787167;
660, 0.785529;
661, 0.784509;
662, 0.783004;
663, 0.78085;
664, 0.779779;
665, 0.778794;
666, 0.777197;
667, 0.775302;
668, 0.774604;
669, 0.774507;
670, 0.775517;
671, 0.775312;
672, 0.774707;
673, 0.774511;
674, 0.77423;
675, 0.772515;
676, 0.770287;
677, 0.76858;
678, 0.768722;
679, 0.76851;
680, 0.76749;
681, 0.766804;
682, 0.766342;
683, 0.76606;
684, 0.766611;
685, 0.767355;
686, 0.768911;
687, 0.770359;
688, 0.771954;
689, 0.771832;
690, 0.771465;
691, 0.771872;
692, 0.771565;
693, 0.770455;
694, 0.771133;
695, 0.772123;
696, 0.772182;
697, 0.772615;
698, 0.773626;
699, 0.774743;
700, 0.774576;
701, 0.775016;
702, 0.775088;
703, 0.774936;
704, 0.775452;
705, 0.774652;
706, 0.77216;
707, 0.771587;
708, 0.771074;
709, 0.769989;
710, 0.767919;
711, 0.765606;
712, 0.763535;
713, 0.760749;
714, 0.757566;
715, 0.754953;
716, 0.752092;
717, 0.749846;
718, 0.749539;
719, 0.747547;
720, 0.745749;
721, 0.74234;
722, 0.738504;
723, 0.735395;
724, 0.73304;
725, 0.728472;
726, 0.724007;
727, 0.718695;
728, 0.712609;
729, 0.708842;
730, 0.704823;
731, 0.701572;
732, 0.698672;
733, 0.696295;
734, 0.690794;
735, 0.68582;
736, 0.681756;
737, 0.676982;
738, 0.673044;
739, 0.668296;
740, 0.666021;
741, 0.661687;
742, 0.656185;
743, 0.651084;
744, 0.64567;
745, 0.639237;
746, 0.635644;
747, 0.630877;
748, 0.622129;
749, 0.613126;
750, 0.601267;
751, 0.59189;
752, 0.579896;
753, 0.572281;
754, 0.560417;
755, 0.549903;
756, 0.540197;
757, 0.527734;
758, 0.515957;
759, 0.504107;
760, 0.493323;
761, 0.481156;
762, 0.469126;
763, 0.457414;
764, 0.447831;
765, 0.435578;
766, 0.423749;
767, 0.412983;
768, 0.403889;
769, 0.388386;
770, 0.372745;
771, 0.361665;
772, 0.35394;
773, 0.341785;
774, 0.333197;
775, 0.321134;
776, 0.306652;
777, 0.291319;
778, 0.276753;
779, 0.262915;
780, 0.24977;
781, 0.237281;
782, 0.225417;
783, 0.214146;
784, 0.203439;
785, 0.193267;
786, 0.183604;
787, 0.174424;
788, 0.165702;
789, 0.157417;
790, 0.149546;
791, 0.142069;
792, 0.134966;
793, 0.128217;
794, 0.121806;
795, 0.115716;
796, 0.10993;
797, 0.104434;
798, 0.099212;
799, 0.094251;
800, 0.089539;
801, 0.085062;
802, 0.080809;
803, 0.076768;
804, 0.07293;
805, 0.069284;
806, 0.065819;
807, 0.062528;
808, 0.059402;
809, 0.056432;
810, 0.05361;
811, 0.05093;
812, 0.048383;
813, 0.045964;
814, 0.043666;
815, 0.041483;
816, 0.039408;
817, 0.037438;
818, 0.035566;
819, 0.033788;
820, 0.032098;
821, 0.030494;
822, 0.028969;
823, 0.02752;
824, 0.026144;
825, 0.024837;
826, 0.023595;
827, 0.022416;
828, 0.021295;
829, 0.02023;
830, 0.019219;
831, 0.018258;
832, 0.017345;
833, 0.016477;
834, 0.015654;
835, 0.014871;
836, 0.014127;
837, 0.013421;
838, 0.01275;
839, 0.012112;
840, 0.011507;
841, 0.010931;
842, 0.010385;
843, 0.009866;
844, 0.009372;
845, 0.008904;
846, 0.008459;
847, 0.008036;
848, 0.007634;
849, 0.007252;
850, 0.00689;
851, 0.006545;
852, 0.006218;
853, 0.005907;
854, 0.005612;
855, 0.005331;
856, 0.005064;
857, 0.004811;
858, 0.004571;
859, 0.004342;
860, 0.004125;
861, 0.003919;
862, 0.003723;
863, 0.003537;
864, 0.00336;
865, 0.003192;
866, 0.003032;
867, 0.002881;
868, 0.002737;
869, 0.0026;
870, 0.00247;
871, 0.002346;
872, 0.002229;
873, 0.002118;
