1, 0.;
2, 0.892743;
3, 0.896543;
4, 0.900154;
5, 0.902021;
6, 0.902232;
7, 0.902433;
8, 0.901062;
9, 0.899759;
10, 0.898521;
11, 0.895782;
12, 0.89318;
13, 0.890709;
14, 0.888361;
15, 0.884568;
16, 0.880965;
17, 0.877541;
18, 0.872727;
19, 0.868153;
20, 0.863808;
21, 0.858117;
22, 0.851149;
23, 0.844529;
24, 0.836678;
25, 0.829219;
26, 0.822133;
27, 0.813839;
28, 0.805959;
29, 0.798474;
30, 0.7898;
31, 0.78156;
32, 0.77217;
33, 0.763249;
34, 0.754774;
35, 0.74516;
36, 0.736027;
37, 0.727351;
38, 0.719108;
39, 0.711278;
40, 0.702276;
41, 0.693725;
42, 0.685601;
43, 0.677884;
44, 0.668989;
45, 0.66054;
46, 0.652513;
47, 0.644887;
48, 0.639206;
49, 0.633808;
50, 0.630242;
51, 0.625293;
52, 0.620591;
53, 0.616124;
54, 0.61188;
55, 0.607848;
56, 0.604018;
57, 0.60038;
58, 0.596924;
59, 0.59364;
60, 0.593645;
61, 0.593651;
62, 0.595218;
63, 0.596707;
64, 0.598122;
65, 0.599466;
66, 0.59918;
67, 0.598908;
68, 0.598651;
69, 0.598405;
70, 0.598173;
71, 0.597952;
72, 0.597741;
73, 0.597542;
74, 0.597352;
75, 0.597172;
76, 0.595439;
77, 0.593792;
78, 0.592227;
79, 0.590741;
80, 0.589329;
81, 0.586425;
82, 0.585229;
83, 0.58253;
84, 0.579966;
85, 0.57753;
86, 0.575216;
87, 0.571455;
88, 0.567882;
89, 0.564488;
90, 0.558139;
91, 0.552107;
92, 0.546376;
93, 0.540933;
94, 0.534199;
95, 0.527801;
96, 0.521724;
97, 0.51595;
98, 0.510465;
99, 0.503692;
100, 0.497257;
101, 0.491144;
102, 0.483774;
103, 0.476773;
104, 0.470122;
105, 0.463803;
106, 0.457801;
107, 0.450536;
108, 0.443634;
109, 0.437077;
110, 0.430848;
111, 0.424931;
112, 0.419309;
113, 0.412406;
114, 0.407411;
115, 0.402666;
116, 0.398157;
117, 0.393874;
118, 0.389806;
119, 0.38594;
120, 0.382268;
121, 0.37878;
122, 0.375466;
123, 0.372318;
124, 0.367764;
125, 0.365001;
126, 0.362376;
127, 0.359882;
128, 0.357513;
129, 0.355262;
130, 0.353124;
131, 0.351093;
132, 0.349163;
133, 0.34733;
134, 0.345589;
135, 0.343934;
136, 0.342363;
137, 0.340869;
138, 0.339451;
139, 0.338103;
140, 0.335261;
141, 0.33256;
142, 0.329995;
143, 0.327558;
144, 0.325242;
145, 0.323043;
146, 0.322515;
147, 0.322015;
148, 0.321539;
149, 0.321087;
150, 0.320658;
151, 0.32025;
152, 0.319862;
153, 0.319494;
154, 0.317582;
155, 0.315765;
156, 0.31404;
157, 0.310838;
158, 0.307796;
159, 0.304906;
160, 0.303723;
161, 0.302599;
162, 0.301532;
163, 0.300518;
164, 0.301117;
165, 0.301686;
166, 0.302227;
167, 0.30274;
168, 0.303228;
169, 0.303692;
170, 0.305695;
171, 0.307598;
172, 0.307843;
173, 0.308076;
174, 0.308297;
175, 0.308507;
176, 0.308707;
177, 0.308896;
178, 0.309077;
179, 0.307685;
180, 0.306363;
181, 0.305108;
182, 0.303915;
183, 0.302782;
184, 0.301705;
185, 0.300682;
186, 0.299711;
187, 0.30035;
188, 0.300958;
189, 0.301535;
190, 0.302083;
191, 0.301041;
192, 0.300052;
193, 0.299112;
194, 0.298219;
195, 0.29737;
196, 0.296564;
197, 0.295798;
198, 0.295071;
199, 0.295943;
200, 0.29677;
201, 0.297557;
202, 0.298304;
203, 0.299014;
204, 0.298126;
205, 0.295719;
206, 0.293433;
207, 0.291262;
208, 0.289199;
209, 0.287239;
210, 0.285377;
211, 0.283608;
212, 0.281928;
213, 0.280331;
214, 0.278815;
215, 0.277374;
216, 0.276005;
217, 0.274705;
218, 0.27347;
219, 0.272296;
220, 0.271181;
221, 0.270122;
222, 0.269116;
223, 0.26816;
224, 0.267252;
225, 0.267952;
226, 0.268617;
227, 0.267686;
228, 0.266802;
229, 0.265962;
230, 0.265164;
231, 0.265968;
232, 0.266732;
233, 0.267458;
234, 0.268148;
235, 0.268803;
236, 0.269425;
237, 0.271579;
238, 0.273625;
239, 0.275569;
240, 0.277415;
241, 0.279169;
242, 0.280836;
243, 0.282419;
244, 0.285486;
245, 0.288399;
246, 0.291167;
247, 0.293796;
248, 0.294731;
249, 0.295619;
250, 0.296463;
251, 0.298828;
252, 0.302636;
253, 0.30313;
254, 0.302036;
255, 0.299434;
256, 0.298525;
257, 0.297661;
258, 0.29684;
259, 0.296061;
260, 0.29532;
261, 0.293054;
262, 0.290902;
263, 0.288856;
264, 0.286914;
265, 0.285068;
266, 0.283315;
267, 0.280086;
268, 0.27702;
269, 0.275669;
270, 0.274385;
271, 0.273166;
272, 0.272008;
273, 0.270907;
274, 0.269862;
275, 0.270431;
276, 0.270972;
277, 0.271486;
278, 0.271974;
279, 0.272438;
280, 0.272879;
281, 0.273297;
282, 0.273695;
283, 0.274073;
284, 0.275994;
285, 0.277819;
286, 0.279553;
287, 0.281201;
288, 0.282766;
289, 0.284252;
290, 0.285665;
291, 0.287006;
292, 0.288281;
293, 0.289492;
294, 0.290642;
295, 0.290173;
296, 0.289727;
297, 0.290865;
298, 0.290385;
299, 0.289928;
300, 0.289494;
301, 0.289082;
302, 0.28869;
303, 0.288318;
304, 0.287965;
305, 0.289192;
306, 0.290357;
307, 0.289902;
308, 0.291032;
309, 0.292105;
310, 0.291562;
311, 0.291047;
312, 0.290557;
313, 0.290091;
314, 0.289649;
315, 0.289229;
316, 0.28883;
317, 0.288451;
318, 0.288091;
319, 0.287749;
320, 0.287424;
321, 0.287116;
322, 0.28526;
323, 0.285059;
324, 0.283306;
325, 0.281641;
326, 0.280059;
327, 0.278556;
328, 0.277128;
329, 0.275772;
330, 0.274483;
331, 0.273259;
332, 0.272096;
333, 0.270991;
334, 0.263692;
335, 0.25832;
336, 0.253216;
337, 0.24993;
338, 0.246809;
339, 0.243843;
340, 0.242589;
341, 0.241397;
342, 0.240264;
343, 0.239189;
344, 0.238167;
345, 0.237196;
346, 0.236274;
347, 0.235397;
348, 0.233003;
349, 0.230727;
350, 0.228566;
351, 0.22495;
352, 0.223078;
353, 0.221299;
354, 0.219609;
355, 0.218003;
356, 0.216478;
357, 0.215029;
358, 0.213653;
359, 0.212345;
360, 0.212666;
361, 0.21297;
362, 0.213259;
363, 0.213533;
364, 0.213794;
365, 0.215604;
366, 0.215762;
367, 0.217474;
368, 0.2191;
369, 0.220645;
370, 0.222113;
371, 0.221945;
372, 0.221785;
373, 0.221633;
374, 0.221489;
375, 0.221352;
376, 0.221222;
377, 0.221098;
378, 0.222543;
379, 0.223916;
380, 0.223658;
381, 0.224975;
382, 0.226226;
383, 0.227415;
384, 0.228544;
385, 0.229617;
386, 0.229074;
387, 0.23012;
388, 0.229551;
389, 0.230574;
390, 0.229983;
391, 0.229421;
392, 0.23045;
393, 0.231428;
394, 0.230794;
395, 0.231754;
396, 0.232666;
397, 0.233533;
398, 0.234356;
399, 0.235138;
400, 0.235882;
401, 0.236587;
402, 0.238821;
403, 0.23938;
404, 0.239911;
405, 0.240415;
406, 0.240894;
407, 0.242912;
408, 0.244829;
409, 0.24665;
410, 0.246818;
411, 0.248539;
412, 0.250175;
413, 0.251728;
414, 0.253205;
415, 0.254607;
416, 0.255939;
417, 0.257205;
418, 0.258407;
419, 0.259549;
420, 0.259072;
421, 0.258618;
422, 0.258187;
423, 0.25934;
424, 0.260436;
425, 0.261476;
426, 0.260903;
427, 0.260357;
428, 0.25984;
429, 0.259348;
430, 0.25888;
431, 0.258436;
432, 0.258014;
433, 0.257614;
434, 0.257233;
435, 0.256871;
436, 0.256528;
437, 0.256201;
438, 0.255891;
439, 0.255597;
440, 0.255317;
441, 0.255051;
442, 0.254799;
443, 0.254559;
444, 0.254331;
445, 0.254114;
446, 0.253908;
447, 0.253713;
448, 0.253527;
449, 0.253351;
450, 0.253183;
451, 0.253024;
452, 0.252873;
453, 0.252729;
454, 0.252593;
455, 0.252463;
456, 0.25234;
457, 0.252223;
458, 0.252112;
459, 0.252006;
460, 0.251906;
461, 0.251811;
462, 0.25172;
463, 0.251634;
464, 0.251552;
465, 0.251475;
466, 0.251401;
467, 0.251331;
468, 0.251265;
469, 0.251201;
470, 0.251141;
471, 0.251084;
472, 0.25103;
473, 0.250978;
474, 0.25093;
475, 0.250883;
476, 0.250839;
477, 0.250797;
478, 0.250757;
479, 0.250719;
480, 0.250683;
481, 0.250649;
482, 0.250617;
483, 0.250586;
484, 0.250557;
485, 0.250529;
486, 0.250502;
487, 0.250477;
488, 0.250453;
489, 0.250431;
490, 0.250409;
491, 0.251951;
492, 0.251854;
493, 0.251761;
494, 0.251673;
495, 0.251589;
496, 0.25151;
497, 0.251434;
498, 0.251363;
499, 0.251294;
500, 0.25123;
501, 0.251168;
502, 0.25111;
503, 0.251054;
504, 0.251002;
505, 0.250952;
506, 0.250904;
507, 0.250859;
508, 0.250816;
509, 0.250775;
510, 0.250736;
511, 0.250699;
512, 0.250665;
513, 0.250631;
514, 0.2506;
515, 0.25057;
516, 0.250541;
517, 0.250514;
518, 0.250488;
519, 0.250464;
520, 0.250441;
521, 0.250419;
522, 0.250398;
523, 0.250378;
524, 0.250359;
525, 0.250341;
526, 0.250324;
527, 0.250308;
528, 0.250292;
529, 0.250278;
530, 0.250264;
531, 0.250251;
532, 0.250238;
533, 0.250226;
534, 0.250215;
535, 0.250204;
536, 0.250194;
537, 0.250184;
538, 0.250175;
539, 0.250166;
540, 0.250158;
541, 0.25015;
542, 0.250143;
543, 0.250135;
544, 0.250129;
545, 0.250122;
546, 0.250116;
547, 0.25011;
548, 0.250105;
549, 0.2501;
550, 0.250095;
551, 0.25009;
552, 0.250085;
553, 0.250081;
554, 0.250077;
555, 0.250073;
556, 0.25007;
557, 0.250066;
558, 0.250063;
559, 0.25006;
560, 0.250057;
561, 0.250054;
562, 0.250051;
563, 0.250049;
564, 0.250046;
565, 0.243794;
566, 0.236292;
567, 0.229165;
568, 0.222394;
569, 0.215962;
570, 0.211414;
571, 0.207093;
572, 0.202988;
573, 0.199089;
574, 0.195384;
575, 0.193428;
576, 0.191569;
577, 0.189803;
578, 0.188125;
579, 0.186531;
580, 0.18658;
581, 0.186626;
582, 0.18667;
583, 0.186711;
584, 0.186751;
585, 0.186788;
586, 0.186824;
587, 0.186857;
588, 0.18689;
589, 0.18692;
590, 0.186949;
591, 0.186977;
592, 0.187003;
593, 0.187028;
594, 0.187051;
595, 0.187074;
596, 0.187095;
597, 0.187115;
598, 0.187135;
599, 0.187153;
600, 0.18717;
601, 0.187187;
602, 0.187202;
603, 0.187217;
604, 0.187231;
605, 0.187245;
606, 0.187258;
607, 0.18727;
608, 0.187281;
609, 0.187292;
610, 0.187303;
611, 0.187312;
612, 0.187322;
613, 0.184206;
614, 0.182808;
615, 0.18148;
616, 0.180218;
617, 0.17902;
618, 0.177882;
619, 0.1768;
620, 0.175772;
621, 0.174796;
622, 0.172307;
623, 0.171504;
624, 0.170741;
625, 0.170016;
626, 0.169328;
627, 0.168674;
628, 0.168053;
629, 0.167463;
630, 0.166902;
631, 0.16637;
632, 0.165864;
633, 0.165383;
634, 0.164926;
635, 0.164493;
636, 0.16408;
637, 0.163689;
638, 0.163317;
639, 0.162964;
640, 0.162628;
641, 0.162309;
642, 0.162006;
643, 0.161718;
644, 0.161445;
645, 0.161185;
646, 0.160938;
647, 0.160704;
648, 0.160481;
649, 0.16027;
650, 0.160069;
651, 0.159878;
652, 0.159696;
653, 0.159524;
654, 0.15936;
655, 0.159205;
656, 0.16062;
657, 0.161964;
658, 0.16324;
659, 0.164453;
660, 0.165606;
661, 0.1667;
662, 0.16774;
663, 0.168728;
664, 0.169667;
665, 0.170559;
666, 0.171406;
667, 0.17221;
668, 0.172975;
669, 0.173701;
670, 0.174391;
671, 0.175047;
672, 0.175669;
673, 0.174698;
674, 0.173776;
675, 0.1729;
676, 0.172067;
677, 0.171276;
678, 0.170525;
679, 0.165124;
680, 0.156867;
681, 0.150587;
682, 0.14462;
683, 0.140514;
684, 0.136613;
685, 0.132907;
686, 0.129387;
687, 0.126043;
688, 0.124428;
689, 0.122894;
690, 0.121437;
691, 0.120053;
692, 0.118737;
693, 0.117488;
694, 0.116301;
695, 0.115174;
696, 0.114102;
697, 0.114647;
698, 0.115165;
699, 0.115657;
700, 0.116124;
701, 0.116568;
702, 0.116989;
703, 0.11739;
704, 0.11777;
705, 0.116569;
706, 0.112303;
707, 0.108251;
708, 0.105963;
709, 0.10379;
710, 0.101726;
711, 0.099764;
712, 0.097901;
713, 0.096131;
714, 0.094449;
715, 0.092852;
716, 0.091334;
717, 0.089893;
718, 0.088523;
719, 0.087222;
720, 0.085986;
721, 0.084811;
722, 0.085258;
723, 0.085683;
724, 0.086086;
725, 0.08647;
726, 0.085271;
727, 0.084132;
728, 0.083051;
729, 0.082023;
730, 0.081047;
731, 0.08012;
732, 0.079239;
733, 0.078402;
734, 0.077607;
735, 0.076851;
736, 0.076134;
737, 0.075452;
738, 0.074805;
739, 0.074189;
740, 0.073605;
741, 0.07305;
742, 0.072522;
743, 0.072021;
744, 0.071545;
745, 0.071093;
746, 0.070663;
747, 0.070255;
748, 0.069867;
749, 0.069499;
750, 0.069149;
751, 0.068816;
752, 0.068501;
753, 0.068201;
754, 0.067916;
755, 0.067645;
756, 0.067388;
757, 0.067143;
758, 0.066911;
759, 0.06669;
760, 0.066481;
761, 0.066282;
762, 0.066093;
763, 0.065913;
764, 0.065743;
765, 0.06558;
766, 0.065426;
767, 0.06528;
768, 0.065141;
769, 0.065009;
770, 0.064884;
771, 0.064764;
772, 0.064651;
773, 0.064544;
774, 0.064441;
775, 0.064344;
776, 0.064252;
777, 0.064165;
778, 0.064081;
779, 0.064002;
780, 0.063927;
781, 0.063856;
782, 0.063788;
783, 0.063724;
784, 0.063662;
785, 0.063604;
786, 0.063549;
787, 0.063497;
788, 0.063447;
789, 0.063399;
790, 0.063354;
791, 0.063312;
792, 0.063271;
793, 0.063233;
794, 0.063196;
795, 0.061599;
796, 0.061644;
797, 0.061687;
798, 0.061727;
799, 0.061766;
800, 0.061803;
801, 0.061837;
802, 0.061871;
803, 0.061902;
804, 0.061932;
805, 0.06196;
806, 0.061987;
807, 0.062013;
808, 0.062037;
809, 0.06206;
810, 0.062082;
811, 0.062103;
812, 0.062123;
813, 0.062142;
814, 0.06216;
815, 0.062177;
816, 0.062193;
817, 0.062208;
818, 0.062223;
819, 0.062237;
820, 0.06225;
821, 0.062262;
822, 0.062274;
823, 0.062286;
824, 0.062296;
825, 0.062307;
826, 0.062316;
827, 0.062325;
828, 0.062334;
829, 0.062342;
830, 0.06235;
831, 0.062358;
832, 0.062365;
833, 0.062372;
834, 0.062378;
835, 0.062384;
836, 0.06239;
837, 0.062395;
838, 0.062401;
839, 0.062406;
840, 0.06241;
841, 0.062415;
842, 0.062419;
843, 0.062423;
844, 0.062427;
845, 0.062431;
846, 0.062434;
847, 0.062437;
848, 0.062441;
849, 0.062444;
