1, 0.;
2, 0.107711;
3, 0.152326;
4, 0.194709;
5, 0.234974;
6, 0.271612;
7, 0.306419;
8, 0.339485;
9, 0.370898;
10, 0.40074;
11, 0.42909;
12, 0.456023;
13, 0.481609;
14, 0.505915;
15, 0.529007;
16, 0.550943;
17, 0.571783;
18, 0.591581;
19, 0.610389;
20, 0.628257;
21, 0.645231;
22, 0.661357;
23, 0.676676;
24, 0.691229;
25, 0.705055;
26, 0.718189;
27, 0.730667;
28, 0.742521;
29, 0.753782;
30, 0.762867;
31, 0.771498;
32, 0.779697;
33, 0.787486;
34, 0.794886;
35, 0.801916;
36, 0.810207;
37, 0.819697;
38, 0.828712;
39, 0.837277;
40, 0.845413;
41, 0.851529;
42, 0.85734;
43, 0.86286;
44, 0.868104;
45, 0.873086;
46, 0.877819;
47, 0.882315;
48, 0.886586;
49, 0.890644;
50, 0.894499;
51, 0.899774;
52, 0.904785;
53, 0.907933;
54, 0.910924;
55, 0.913764;
56, 0.916463;
57, 0.92064;
58, 0.924608;
59, 0.926765;
60, 0.928814;
61, 0.93076;
62, 0.932609;
63, 0.934366;
64, 0.936035;
65, 0.93762;
66, 0.939126;
67, 0.940557;
68, 0.941916;
69, 0.943207;
70, 0.944434;
71, 0.9456;
72, 0.945094;
73, 0.944613;
74, 0.94577;
75, 0.946868;
76, 0.947912;
77, 0.948904;
78, 0.949845;
79, 0.95074;
80, 0.95159;
81, 0.950785;
82, 0.95002;
83, 0.949293;
84, 0.948603;
85, 0.947947;
86, 0.945711;
87, 0.943586;
88, 0.941568;
89, 0.941264;
90, 0.939362;
91, 0.937555;
92, 0.932613;
93, 0.932757;
94, 0.932893;
95, 0.93141;
96, 0.93;
97, 0.928662;
98, 0.92739;
99, 0.926182;
100, 0.925034;
101, 0.923944;
102, 0.922908;
103, 0.921924;
104, 0.922602;
105, 0.923246;
106, 0.923858;
107, 0.924439;
108, 0.924991;
109, 0.925516;
110, 0.926014;
111, 0.926488;
112, 0.926938;
113, 0.925752;
114, 0.924626;
115, 0.923556;
116, 0.922539;
117, 0.921573;
118, 0.920656;
119, 0.919785;
120, 0.918957;
121, 0.91817;
122, 0.917423;
123, 0.916713;
124, 0.916039;
125, 0.915398;
126, 0.914789;
127, 0.914211;
128, 0.913662;
129, 0.914753;
130, 0.914177;
131, 0.913629;
132, 0.914722;
133, 0.914147;
134, 0.910375;
135, 0.906792;
136, 0.903388;
137, 0.900154;
138, 0.897082;
139, 0.894163;
140, 0.893003;
141, 0.891902;
142, 0.890855;
143, 0.888248;
144, 0.885771;
145, 0.883418;
146, 0.881182;
147, 0.879059;
148, 0.877041;
149, 0.875125;
150, 0.873304;
151, 0.871574;
152, 0.869931;
153, 0.86837;
154, 0.866887;
155, 0.865478;
156, 0.862527;
157, 0.859723;
158, 0.858672;
159, 0.856061;
160, 0.853581;
161, 0.851224;
162, 0.848986;
163, 0.846859;
164, 0.844839;
165, 0.842919;
166, 0.841096;
167, 0.839364;
168, 0.837718;
169, 0.836155;
170, 0.83467;
171, 0.833259;
172, 0.831918;
173, 0.830645;
174, 0.829435;
175, 0.828286;
176, 0.827194;
177, 0.826157;
178, 0.825172;
179, 0.822623;
180, 0.820202;
181, 0.817901;
182, 0.815716;
183, 0.81364;
184, 0.811667;
185, 0.809794;
186, 0.808014;
187, 0.806323;
188, 0.804716;
189, 0.80319;
190, 0.80174;
191, 0.800363;
192, 0.799054;
193, 0.797811;
194, 0.796631;
195, 0.795509;
196, 0.794443;
197, 0.79343;
198, 0.792469;
199, 0.791555;
200, 0.790687;
201, 0.789862;
202, 0.789079;
203, 0.786722;
204, 0.784482;
205, 0.782355;
206, 0.780334;
207, 0.778414;
208, 0.77659;
209, 0.774857;
210, 0.773211;
211, 0.771647;
212, 0.770162;
213, 0.768751;
214, 0.76741;
215, 0.766136;
216, 0.764926;
217, 0.763777;
218, 0.762684;
219, 0.758421;
220, 0.752758;
221, 0.740927;
222, 0.729687;
223, 0.719009;
224, 0.710478;
225, 0.702373;
226, 0.694674;
227, 0.688973;
228, 0.683556;
229, 0.678411;
230, 0.673522;
231, 0.668879;
232, 0.664467;
233, 0.661889;
234, 0.659439;
235, 0.6555;
236, 0.65337;
237, 0.651347;
238, 0.649424;
239, 0.647598;
240, 0.645864;
241, 0.644216;
242, 0.64265;
243, 0.641163;
244, 0.63975;
245, 0.638407;
246, 0.637132;
247, 0.635921;
248, 0.63477;
249, 0.633676;
250, 0.632638;
251, 0.631651;
252, 0.630714;
253, 0.629823;
254, 0.628977;
255, 0.628173;
256, 0.62741;
257, 0.626685;
258, 0.625996;
259, 0.625341;
260, 0.624719;
261, 0.624128;
262, 0.623567;
263, 0.623034;
264, 0.622527;
265, 0.622046;
266, 0.618363;
267, 0.613251;
268, 0.610008;
269, 0.606927;
270, 0.604;
271, 0.601219;
272, 0.600191;
273, 0.599213;
274, 0.598285;
275, 0.597403;
276, 0.598178;
277, 0.598914;
278, 0.599614;
279, 0.600278;
280, 0.60091;
281, 0.601509;
282, 0.602079;
283, 0.60262;
284, 0.603134;
285, 0.603623;
286, 0.604087;
287, 0.604528;
288, 0.604946;
289, 0.605344;
290, 0.605722;
291, 0.606081;
292, 0.606422;
293, 0.606746;
294, 0.607054;
295, 0.607347;
296, 0.607624;
297, 0.607888;
298, 0.608139;
299, 0.608377;
300, 0.608604;
301, 0.608819;
302, 0.609023;
303, 0.609217;
304, 0.609401;
305, 0.609576;
306, 0.609743;
307, 0.609901;
308, 0.610051;
309, 0.610193;
310, 0.610329;
311, 0.610458;
312, 0.61058;
313, 0.609083;
314, 0.607661;
315, 0.60631;
316, 0.605027;
317, 0.603808;
318, 0.60265;
319, 0.60155;
320, 0.600504;
321, 0.599512;
322, 0.598568;
323, 0.597672;
324, 0.596821;
325, 0.596012;
326, 0.595244;
327, 0.594514;
328, 0.59382;
329, 0.593161;
330, 0.592536;
331, 0.591941;
332, 0.591376;
333, 0.59084;
334, 0.59033;
335, 0.589846;
336, 0.589386;
337, 0.588949;
338, 0.588534;
339, 0.588139;
340, 0.587764;
341, 0.587408;
342, 0.585457;
343, 0.583604;
344, 0.581843;
345, 0.58017;
346, 0.572129;
347, 0.566104;
348, 0.560379;
349, 0.556554;
350, 0.546468;
351, 0.533661;
352, 0.523107;
353, 0.51308;
354, 0.505168;
355, 0.497652;
356, 0.492124;
357, 0.486873;
358, 0.481884;
359, 0.478757;
360, 0.475787;
361, 0.472966;
362, 0.470285;
363, 0.469352;
364, 0.468465;
365, 0.467622;
366, 0.468434;
367, 0.469206;
368, 0.46994;
369, 0.470636;
370, 0.471298;
371, 0.471927;
372, 0.474137;
373, 0.476236;
374, 0.478231;
375, 0.480126;
376, 0.481926;
377, 0.483636;
378, 0.485261;
379, 0.486804;
380, 0.48827;
381, 0.489663;
382, 0.490987;
383, 0.492244;
384, 0.493438;
385, 0.494573;
386, 0.49565;
387, 0.493449;
388, 0.491357;
389, 0.48937;
390, 0.487482;
391, 0.485688;
392, 0.483985;
393, 0.482366;
394, 0.480828;
395, 0.479367;
396, 0.479593;
397, 0.479807;
398, 0.48001;
399, 0.480203;
400, 0.480386;
401, 0.480561;
402, 0.480726;
403, 0.482496;
404, 0.484178;
405, 0.485775;
406, 0.487293;
407, 0.488735;
408, 0.490105;
409, 0.491406;
410, 0.494255;
411, 0.496961;
412, 0.499533;
413, 0.501975;
414, 0.504296;
415, 0.506501;
416, 0.508595;
417, 0.507359;
418, 0.506184;
419, 0.505069;
420, 0.504009;
421, 0.501389;
422, 0.500513;
423, 0.499681;
424, 0.49889;
425, 0.499752;
426, 0.500571;
427, 0.501349;
428, 0.502088;
429, 0.50279;
430, 0.503457;
431, 0.504091;
432, 0.504693;
433, 0.505264;
434, 0.505808;
435, 0.506324;
436, 0.506814;
437, 0.50728;
438, 0.507722;
439, 0.508143;
440, 0.508542;
441, 0.510534;
442, 0.510814;
443, 0.51108;
444, 0.511332;
445, 0.511572;
446, 0.5118;
447, 0.513629;
448, 0.515367;
449, 0.517018;
450, 0.518587;
451, 0.520077;
452, 0.519879;
453, 0.518079;
454, 0.516368;
455, 0.514744;
456, 0.5132;
457, 0.511733;
458, 0.51034;
459, 0.507404;
460, 0.503002;
461, 0.500432;
462, 0.497991;
463, 0.495672;
464, 0.493469;
465, 0.491376;
466, 0.489388;
467, 0.487499;
468, 0.485705;
469, 0.484001;
470, 0.482381;
471, 0.480843;
472, 0.479381;
473, 0.479606;
474, 0.479819;
475, 0.480022;
476, 0.48344;
477, 0.4883;
478, 0.491304;
479, 0.494159;
480, 0.49687;
481, 0.499446;
482, 0.50028;
483, 0.501072;
484, 0.501825;
485, 0.504153;
486, 0.506365;
487, 0.506853;
488, 0.510543;
489, 0.515661;
490, 0.520523;
491, 0.523529;
492, 0.527998;
493, 0.53063;
494, 0.533131;
495, 0.535507;
496, 0.537764;
497, 0.539908;
498, 0.541945;
499, 0.54388;
500, 0.545718;
501, 0.547464;
502, 0.549123;
503, 0.550699;
504, 0.552197;
505, 0.553619;
506, 0.55497;
507, 0.556254;
508, 0.557474;
509, 0.558632;
510, 0.559733;
511, 0.560778;
512, 0.560159;
513, 0.561183;
514, 0.560543;
515, 0.559936;
516, 0.560971;
517, 0.561955;
518, 0.562889;
519, 0.563777;
520, 0.563008;
521, 0.562277;
522, 0.561582;
523, 0.560922;
524, 0.560296;
525, 0.5597;
526, 0.559135;
527, 0.558597;
528, 0.558087;
529, 0.557602;
530, 0.557141;
531, 0.556703;
532, 0.556287;
533, 0.555892;
534, 0.555517;
535, 0.555161;
536, 0.554822;
537, 0.5545;
538, 0.554195;
539, 0.553904;
540, 0.553628;
541, 0.551753;
542, 0.549972;
543, 0.54828;
544, 0.546672;
545, 0.545145;
546, 0.543694;
547, 0.542316;
548, 0.541007;
549, 0.539763;
550, 0.538581;
551, 0.537459;
552, 0.536392;
553, 0.535379;
554, 0.534416;
555, 0.533502;
556, 0.532633;
557, 0.531808;
558, 0.527798;
559, 0.523989;
560, 0.52037;
561, 0.516933;
562, 0.513667;
563, 0.510564;
564, 0.507616;
565, 0.504816;
566, 0.502156;
567, 0.499629;
568, 0.498841;
569, 0.498092;
570, 0.497381;
571, 0.496706;
572, 0.496064;
573, 0.495454;
574, 0.494875;
575, 0.494325;
576, 0.492189;
577, 0.491774;
578, 0.491378;
579, 0.491003;
580, 0.490646;
581, 0.490308;
582, 0.488373;
583, 0.488148;
584, 0.487934;
585, 0.486118;
586, 0.484393;
587, 0.482754;
588, 0.481197;
589, 0.479717;
590, 0.478312;
591, 0.476977;
592, 0.475709;
593, 0.474504;
594, 0.47336;
595, 0.472272;
596, 0.466401;
597, 0.462435;
598, 0.458669;
599, 0.45509;
600, 0.45169;
601, 0.448461;
602, 0.445392;
603, 0.442478;
604, 0.439709;
605, 0.437078;
606, 0.434579;
607, 0.432205;
608, 0.429949;
609, 0.427807;
610, 0.424158;
611, 0.420692;
612, 0.4174;
613, 0.406207;
614, 0.392348;
615, 0.379183;
616, 0.365062;
617, 0.350035;
618, 0.337372;
619, 0.320503;
620, 0.309317;
621, 0.300303;
622, 0.293352;
623, 0.288362;
624, 0.285234;
625, 0.282263;
626, 0.27944;
627, 0.278371;
628, 0.277356;
629, 0.276391;
630, 0.277088;
631, 0.277749;
632, 0.278378;
633, 0.278975;
634, 0.279543;
635, 0.280082;
636, 0.280594;
637, 0.28108;
638, 0.281542;
639, 0.281981;
640, 0.284011;
641, 0.284327;
642, 0.281401;
643, 0.275395;
644, 0.268077;
645, 0.261125;
646, 0.256133;
647, 0.253004;
648, 0.250031;
649, 0.24882;
650, 0.246056;
651, 0.245044;
652, 0.244082;
653, 0.243168;
654, 0.2423;
655, 0.241475;
656, 0.240692;
657, 0.239948;
658, 0.239241;
659, 0.238569;
660, 0.237931;
661, 0.237325;
662, 0.236749;
663, 0.236202;
664, 0.235682;
665, 0.235188;
666, 0.234719;
667, 0.234273;
668, 0.23385;
669, 0.233448;
670, 0.233066;
671, 0.232703;
672, 0.232358;
673, 0.23203;
674, 0.228493;
675, 0.225133;
676, 0.223554;
677, 0.223667;
678, 0.223774;
679, 0.222262;
680, 0.22244;
681, 0.222608;
682, 0.222768;
683, 0.22292;
684, 0.224677;
685, 0.226346;
686, 0.227932;
687, 0.229439;
688, 0.23087;
689, 0.23223;
690, 0.233522;
691, 0.234749;
692, 0.235915;
693, 0.237022;
694, 0.238074;
695, 0.239074;
696, 0.240023;
697, 0.240925;
698, 0.241782;
699, 0.242596;
700, 0.24337;
701, 0.244105;
702, 0.244803;
703, 0.245466;
704, 0.246096;
705, 0.246694;
706, 0.247263;
707, 0.247803;
708, 0.249929;
709, 0.251948;
710, 0.253867;
711, 0.25569;
712, 0.257421;
713, 0.259067;
714, 0.260629;
715, 0.262114;
716, 0.263524;
717, 0.264864;
718, 0.264524;
719, 0.265814;
720, 0.26704;
721, 0.266591;
722, 0.267777;
723, 0.268905;
724, 0.268363;
725, 0.264622;
726, 0.262681;
727, 0.26245;
728, 0.262231;
729, 0.262023;
730, 0.261825;
731, 0.261637;
732, 0.263071;
733, 0.264434;
734, 0.265728;
735, 0.266958;
736, 0.268126;
737, 0.267623;
738, 0.267145;
739, 0.266691;
740, 0.267873;
741, 0.268995;
742, 0.270062;
743, 0.271075;
744, 0.270424;
745, 0.269806;
746, 0.270832;
747, 0.271806;
748, 0.272732;
749, 0.273612;
750, 0.274447;
751, 0.275241;
752, 0.275995;
753, 0.276712;
754, 0.277392;
755, 0.278039;
756, 0.278653;
757, 0.279236;
758, 0.279791;
759, 0.280317;
760, 0.280817;
761, 0.281293;
762, 0.280131;
763, 0.279028;
764, 0.27798;
765, 0.276984;
766, 0.276038;
767, 0.275139;
768, 0.274286;
769, 0.273475;
770, 0.272704;
771, 0.271972;
772, 0.271277;
773, 0.270616;
774, 0.269989;
775, 0.271005;
776, 0.271971;
777, 0.271276;
778, 0.270615;
779, 0.271601;
780, 0.272537;
781, 0.273426;
782, 0.274271;
783, 0.275073;
784, 0.275836;
785, 0.27656;
786, 0.277248;
787, 0.277902;
788, 0.278523;
789, 0.279113;
790, 0.279674;
791, 0.278593;
792, 0.277567;
793, 0.278204;
794, 0.27881;
795, 0.279386;
796, 0.279933;
797, 0.278839;
798, 0.279414;
799, 0.278346;
800, 0.277332;
801, 0.276369;
802, 0.275453;
803, 0.274584;
804, 0.273758;
805, 0.274586;
806, 0.275373;
807, 0.276121;
808, 0.275218;
809, 0.27436;
810, 0.273545;
811, 0.272771;
812, 0.272036;
813, 0.271337;
814, 0.270674;
815, 0.270043;
816, 0.269444;
817, 0.268875;
818, 0.268335;
819, 0.267821;
820, 0.267333;
821, 0.26687;
822, 0.26643;
823, 0.266011;
824, 0.265614;
825, 0.265237;
826, 0.264878;
827, 0.264537;
828, 0.264214;
829, 0.263906;
830, 0.263614;
831, 0.261724;
832, 0.259928;
833, 0.256609;
834, 0.253456;
835, 0.248848;
836, 0.246083;
837, 0.243456;
838, 0.240961;
839, 0.23859;
840, 0.236338;
841, 0.234198;
842, 0.232166;
843, 0.230235;
844, 0.228401;
845, 0.226658;
846, 0.225003;
847, 0.22343;
848, 0.221936;
849, 0.220516;
850, 0.219168;
851, 0.217887;
852, 0.21667;
853, 0.215514;
