1, 0.;
2, 0.212046;
3, 0.227982;
4, 0.242352;
5, 0.257542;
6, 0.271204;
7, 0.283797;
8, 0.296915;
9, 0.309377;
10, 0.321216;
11, 0.332463;
12, 0.344301;
13, 0.355163;
14, 0.364328;
15, 0.374189;
16, 0.383941;
17, 0.393205;
18, 0.402006;
19, 0.410752;
20, 0.419061;
21, 0.426954;
22, 0.434452;
23, 0.441961;
24, 0.449093;
25, 0.4551;
26, 0.461961;
27, 0.468863;
28, 0.475804;
29, 0.482014;
30, 0.487913;
31, 0.492748;
32, 0.498111;
33, 0.502821;
34, 0.50768;
35, 0.513065;
36, 0.517027;
37, 0.520791;
38, 0.524367;
39, 0.527764;
40, 0.531376;
41, 0.534807;
42, 0.538451;
43, 0.542298;
44, 0.545183;
45, 0.548693;
46, 0.551643;
47, 0.55483;
48, 0.557089;
49, 0.559619;
50, 0.562022;
51, 0.564306;
52, 0.567245;
53, 0.570036;
54, 0.573073;
55, 0.576342;
56, 0.579833;
57, 0.583149;
58, 0.587068;
59, 0.590023;
60, 0.593983;
61, 0.595438;
62, 0.597589;
63, 0.599633;
64, 0.602343;
65, 0.605303;
66, 0.607346;
67, 0.610824;
68, 0.612591;
69, 0.615038;
70, 0.616594;
71, 0.619226;
72, 0.621726;
73, 0.624871;
74, 0.626319;
75, 0.62885;
76, 0.631253;
77, 0.632767;
78, 0.636129;
79, 0.638938;
80, 0.640068;
81, 0.64268;
82, 0.645546;
83, 0.649807;
84, 0.654625;
85, 0.658432;
86, 0.661279;
87, 0.665139;
88, 0.667651;
89, 0.670038;
90, 0.675382;
91, 0.679305;
92, 0.68534;
93, 0.68838;
94, 0.694731;
95, 0.69961;
96, 0.703475;
97, 0.709071;
98, 0.714002;
99, 0.717148;
100, 0.718213;
101, 0.72538;
102, 0.731034;
103, 0.735251;
104, 0.738873;
105, 0.74193;
106, 0.745602;
107, 0.752553;
108, 0.757233;
109, 0.76091;
110, 0.766326;
111, 0.769164;
112, 0.774167;
113, 0.778151;
114, 0.785782;
115, 0.785724;
116, 0.787591;
117, 0.790135;
118, 0.795628;
119, 0.796616;
120, 0.799477;
121, 0.799503;
122, 0.805682;
123, 0.810398;
124, 0.819493;
125, 0.826596;
126, 0.828727;
127, 0.829983;
128, 0.831561;
129, 0.83306;
130, 0.83333;
131, 0.834741;
132, 0.833773;
133, 0.831315;
134, 0.829749;
135, 0.827877;
136, 0.82956;
137, 0.826159;
138, 0.822928;
139, 0.821012;
140, 0.819962;
141, 0.817041;
142, 0.813881;
143, 0.810879;
144, 0.807643;
145, 0.804184;
146, 0.801667;
147, 0.798891;
148, 0.796639;
149, 0.793346;
150, 0.790217;
151, 0.788398;
152, 0.786671;
153, 0.785029;
154, 0.783086;
155, 0.781239;
156, 0.779485;
157, 0.778203;
158, 0.775062;
159, 0.772847;
160, 0.770359;
161, 0.767225;
162, 0.765403;
163, 0.763671;
164, 0.761641;
165, 0.760482;
166, 0.758227;
167, 0.755701;
168, 0.755608;
169, 0.754366;
170, 0.752032;
171, 0.7502;
172, 0.748844;
173, 0.749094;
174, 0.749331;
175, 0.74725;
176, 0.747579;
177, 0.747123;
178, 0.746306;
179, 0.745914;
180, 0.744772;
181, 0.745995;
182, 0.746003;
183, 0.746779;
184, 0.746748;
185, 0.745565;
186, 0.745209;
187, 0.745257;
188, 0.743763;
189, 0.744267;
190, 0.746285;
191, 0.746663;
192, 0.746637;
193, 0.747382;
194, 0.747321;
195, 0.748801;
196, 0.750207;
197, 0.751927;
198, 0.752023;
199, 0.750961;
200, 0.750336;
201, 0.750511;
202, 0.751447;
203, 0.751952;
204, 0.752431;
205, 0.753271;
206, 0.752146;
207, 0.75377;
208, 0.755312;
209, 0.754469;
210, 0.755592;
211, 0.758197;
212, 0.758364;
213, 0.760061;
214, 0.763212;
215, 0.765821;
216, 0.769837;
217, 0.772884;
218, 0.774624;
219, 0.777816;
220, 0.781618;
221, 0.783306;
222, 0.784141;
223, 0.784164;
224, 0.785341;
225, 0.788382;
226, 0.788578;
227, 0.792995;
228, 0.796422;
229, 0.800447;
230, 0.804271;
231, 0.806365;
232, 0.808739;
233, 0.809456;
234, 0.809753;
235, 0.815803;
236, 0.818475;
237, 0.820243;
238, 0.821923;
239, 0.822366;
240, 0.826632;
241, 0.831454;
242, 0.837574;
243, 0.839541;
244, 0.843334;
245, 0.843859;
246, 0.846282;
247, 0.846275;
248, 0.852808;
249, 0.85709;
250, 0.857697;
251, 0.856351;
252, 0.858918;
253, 0.86328;
254, 0.864731;
255, 0.871495;
256, 0.874843;
257, 0.875716;
258, 0.878853;
259, 0.879526;
260, 0.880934;
261, 0.882657;
262, 0.886216;
263, 0.890367;
264, 0.890849;
265, 0.891306;
266, 0.895587;
267, 0.896577;
268, 0.899825;
269, 0.900218;
270, 0.904438;
271, 0.904601;
272, 0.907833;
273, 0.910518;
274, 0.9123;
275, 0.912069;
276, 0.913389;
277, 0.915412;
278, 0.916949;
279, 0.917255;
280, 0.917162;
281, 0.918611;
282, 0.917296;
283, 0.920662;
284, 0.921937;
285, 0.922763;
286, 0.918932;
287, 0.917986;
288, 0.915933;
289, 0.918598;
290, 0.92036;
291, 0.924342;
292, 0.92274;
293, 0.925065;
294, 0.926889;
295, 0.927852;
296, 0.928382;
297, 0.931963;
298, 0.934596;
299, 0.936712;
300, 0.939877;
301, 0.94096;
302, 0.941989;
303, 0.942197;
304, 0.944702;
305, 0.947083;
306, 0.947805;
307, 0.949261;
308, 0.950644;
309, 0.952343;
310, 0.954726;
311, 0.955066;
312, 0.955775;
313, 0.956447;
314, 0.956317;
315, 0.954655;
316, 0.955;
317, 0.950711;
318, 0.950868;
319, 0.950632;
320, 0.951562;
321, 0.95283;
322, 0.951727;
323, 0.951064;
324, 0.951203;
325, 0.948643;
326, 0.948903;
327, 0.948381;
328, 0.949808;
329, 0.947318;
330, 0.949182;
331, 0.951723;
332, 0.951829;
333, 0.953469;
334, 0.954642;
335, 0.954217;
336, 0.955737;
337, 0.957181;
338, 0.958168;
339, 0.959106;
340, 0.958843;
341, 0.95667;
342, 0.958452;
343, 0.955914;
344, 0.95581;
345, 0.955712;
346, 0.955619;
347, 0.95553;
348, 0.954677;
349, 0.953097;
350, 0.953519;
351, 0.954689;
352, 0.951955;
353, 0.950126;
354, 0.948774;
355, 0.950181;
356, 0.951903;
357, 0.953154;
358, 0.952035;
359, 0.951356;
360, 0.951481;
361, 0.951983;
362, 0.953615;
363, 0.955165;
364, 0.957022;
365, 0.957633;
366, 0.958597;
367, 0.960283;
368, 0.960345;
369, 0.959636;
370, 0.961269;
371, 0.962437;
372, 0.962392;
373, 0.961965;
374, 0.960789;
375, 0.961596;
376, 0.958901;
377, 0.958648;
378, 0.959177;
379, 0.960449;
380, 0.962042;
381, 0.961632;
382, 0.961628;
383, 0.961623;
384, 0.962388;
385, 0.961961;
386, 0.959632;
387, 0.960881;
388, 0.960914;
389, 0.960945;
390, 0.959052;
391, 0.959946;
392, 0.96041;
393, 0.960082;
394, 0.959385;
395, 0.960262;
396, 0.960711;
397, 0.958829;
398, 0.957811;
399, 0.959151;
400, 0.956962;
401, 0.955653;
402, 0.955562;
403, 0.955092;
404, 0.955414;
405, 0.954567;
406, 0.949146;
407, 0.94592;
408, 0.945931;
409, 0.945173;
410, 0.944838;
411, 0.94375;
412, 0.941947;
413, 0.936772;
414, 0.934934;
415, 0.934726;
416, 0.929912;
417, 0.927648;
418, 0.927419;
419, 0.921433;
420, 0.920361;
421, 0.913189;
422, 0.908684;
423, 0.908634;
424, 0.900895;
425, 0.896234;
426, 0.892192;
427, 0.887198;
428, 0.883222;
429, 0.878292;
430, 0.871685;
431, 0.863101;
432, 0.8561;
433, 0.849449;
434, 0.842361;
435, 0.834858;
436, 0.827731;
437, 0.820575;
438, 0.812623;
439, 0.8043;
440, 0.794854;
441, 0.78665;
442, 0.780009;
443, 0.773701;
444, 0.767708;
445, 0.761631;
446, 0.757395;
447, 0.748756;
448, 0.742857;
449, 0.73456;
450, 0.729755;
451, 0.724037;
452, 0.718989;
453, 0.713039;
454, 0.707772;
455, 0.702768;
456, 0.69763;
457, 0.689287;
458, 0.681361;
459, 0.673447;
460, 0.666313;
461, 0.660689;
462, 0.656501;
463, 0.652138;
464, 0.644915;
465, 0.639208;
466, 0.634171;
467, 0.629001;
468, 0.625243;
469, 0.621288;
470, 0.617916;
471, 0.613944;
472, 0.609016;
473, 0.605103;
474, 0.598694;
475, 0.591837;
476, 0.585706;
477, 0.579882;
478, 0.575888;
479, 0.573632;
480, 0.569951;
481, 0.566838;
482, 0.565804;
483, 0.563283;
484, 0.561272;
485, 0.55744;
486, 0.555721;
487, 0.55332;
488, 0.551039;
489, 0.548871;
490, 0.546428;
491, 0.544491;
492, 0.541882;
493, 0.540557;
494, 0.539298;
495, 0.538487;
496, 0.535794;
497, 0.534773;
498, 0.533035;
499, 0.533306;
500, 0.533179;
501, 0.532289;
502, 0.531059;
503, 0.530276;
504, 0.529531;
505, 0.529208;
506, 0.528902;
507, 0.528995;
508, 0.528699;
509, 0.528034;
510, 0.527786;
511, 0.527166;
512, 0.526192;
513, 0.524882;
514, 0.523638;
515, 0.522072;
516, 0.520968;
517, 0.520304;
518, 0.519289;
519, 0.51794;
520, 0.516658;
521, 0.515441;
522, 0.5139;
523, 0.51282;
524, 0.51141;
525, 0.510455;
526, 0.509163;
527, 0.508705;
528, 0.5075;
529, 0.507125;
530, 0.506;
531, 0.505315;
532, 0.503895;
533, 0.502931;
534, 0.502785;
535, 0.501107;
536, 0.498744;
537, 0.496499;
538, 0.494751;
539, 0.493091;
540, 0.490744;
541, 0.488899;
542, 0.486377;
543, 0.48475;
544, 0.482821;
545, 0.480218;
546, 0.47813;
547, 0.476531;
548, 0.474628;
549, 0.47282;
550, 0.470332;
551, 0.468739;
552, 0.46684;
553, 0.465037;
554, 0.463323;
555, 0.461696;
556, 0.460149;
557, 0.459065;
558, 0.457266;
559, 0.455172;
560, 0.453182;
561, 0.451292;
562, 0.449882;
563, 0.447772;
564, 0.446922;
565, 0.445345;
566, 0.443462;
567, 0.441674;
568, 0.440744;
569, 0.439092;
570, 0.437906;
571, 0.43678;
572, 0.436095;
573, 0.435829;
574, 0.434422;
575, 0.433085;
576, 0.431046;
577, 0.428725;
578, 0.427289;
579, 0.42477;
580, 0.423532;
581, 0.421971;
582, 0.420488;
583, 0.419079;
584, 0.417355;
585, 0.416488;
586, 0.414509;
587, 0.413015;
588, 0.410441;
589, 0.40838;
590, 0.406807;
591, 0.404544;
592, 0.402778;
593, 0.401101;
594, 0.399507;
595, 0.398763;
596, 0.397671;
597, 0.396249;
598, 0.394513;
599, 0.392865;
600, 0.390914;
601, 0.387906;
602, 0.385434;
603, 0.382316;
604, 0.380124;
605, 0.376887;
606, 0.373427;
607, 0.37014;
608, 0.367018;
609, 0.363667;
610, 0.360868;
611, 0.357825;
612, 0.354934;
613, 0.352187;
614, 0.349193;
615, 0.345964;
616, 0.342512;
617, 0.339233;
618, 0.336117;
619, 0.332388;
620, 0.329615;
621, 0.326596;
622, 0.324112;
623, 0.320983;
624, 0.317627;
625, 0.315976;
626, 0.313639;
627, 0.311803;
628, 0.308905;
629, 0.307306;
630, 0.305018;
631, 0.303228;
632, 0.301528;
633, 0.298375;
634, 0.295379;
635, 0.292533;
636, 0.290215;
637, 0.287627;
638, 0.285938;
639, 0.283949;
640, 0.281674;
641, 0.280283;
642, 0.278961;
643, 0.27809;
644, 0.276878;
645, 0.276111;
646, 0.275382;
647, 0.274305;
648, 0.273667;
649, 0.273061;
650, 0.272484;
651, 0.271937;
652, 0.271033;
653, 0.269789;
654, 0.268992;
655, 0.26708;
656, 0.265265;
657, 0.262771;
658, 0.260786;
659, 0.258131;
660, 0.256763;
661, 0.25431;
662, 0.251594;
663, 0.249399;
664, 0.246545;
665, 0.244602;
666, 0.242372;
667, 0.240638;
668, 0.238991;
669, 0.237041;
670, 0.23442;
671, 0.232314;
672, 0.231083;
673, 0.229144;
674, 0.228072;
675, 0.226668;
676, 0.225335;
677, 0.224068;
678, 0.222095;
679, 0.220221;
680, 0.218826;
681, 0.2175;
682, 0.21624;
683, 0.214659;
684, 0.213541;
685, 0.212864;
686, 0.211452;
687, 0.21011;
688, 0.208835;
689, 0.208009;
690, 0.207224;
691, 0.206093;
692, 0.20425;
693, 0.202115;
694, 0.199701;
695, 0.197024;
696, 0.194096;
697, 0.190929;
698, 0.188691;
699, 0.187718;
700, 0.186409;
701, 0.184781;
702, 0.183619;
703, 0.182515;
704, 0.181081;
705, 0.179335;
706, 0.178445;
707, 0.177984;
708, 0.176777;
709, 0.176015;
710, 0.175292;
711, 0.174604;
712, 0.173566;
713, 0.17258;
714, 0.171643;
715, 0.170369;
716, 0.169158;
717, 0.168392;
718, 0.167665;
719, 0.16659;
720, 0.165568;
721, 0.164212;
722, 0.163694;
723, 0.163202;
724, 0.161965;
725, 0.161559;
726, 0.160789;
727, 0.160057;
728, 0.159362;
729, 0.158701;
730, 0.157689;
731, 0.156343;
732, 0.15468;
733, 0.153869;
734, 0.152329;
735, 0.151251;
736, 0.150612;
737, 0.150004;
738, 0.149812;
739, 0.148475;
740, 0.147205;
741, 0.146383;
742, 0.144449;
743, 0.143765;
744, 0.142346;
745, 0.141767;
746, 0.141602;
747, 0.141445;
748, 0.140526;
749, 0.140039;
750, 0.138806;
751, 0.138404;
752, 0.138022;
753, 0.137275;
754, 0.13618;
755, 0.136679;
756, 0.135999;
757, 0.134968;
758, 0.134758;
759, 0.134174;
760, 0.133235;
761, 0.133112;
762, 0.132225;
763, 0.131383;
764, 0.131352;
765, 0.130939;
766, 0.130161;
767, 0.129422;
768, 0.127951;
769, 0.128092;
770, 0.127457;
771, 0.126468;
772, 0.125914;
773, 0.125388;
774, 0.124503;
775, 0.123662;
776, 0.123249;
777, 0.121701;
778, 0.120232;
779, 0.11922;
780, 0.118644;
781, 0.116558;
782, 0.115345;
783, 0.113809;
784, 0.112349;
785, 0.110578;
786, 0.10851;
787, 0.107316;
788, 0.106181;
789, 0.104718;
790, 0.102559;
791, 0.101277;
792, 0.099675;
793, 0.097768;
794, 0.096726;
795, 0.095736;
796, 0.09518;
797, 0.094267;
798, 0.093015;
799, 0.091056;
800, 0.089965;
801, 0.089313;
802, 0.088309;
803, 0.08697;
804, 0.086468;
805, 0.085606;
806, 0.084403;
807, 0.083644;
808, 0.082539;
809, 0.081874;
810, 0.080857;
811, 0.079122;
812, 0.079012;
813, 0.079292;
814, 0.079173;
815, 0.077907;
816, 0.077089;
817, 0.075927;
818, 0.075592;
819, 0.074504;
820, 0.073856;
821, 0.072856;
822, 0.07229;
823, 0.071368;
824, 0.070492;
825, 0.069275;
826, 0.068503;
827, 0.06777;
828, 0.067074;
829, 0.066797;
830, 0.065765;
831, 0.0644;
832, 0.063488;
833, 0.062621;
834, 0.060644;
835, 0.060304;
836, 0.058443;
837, 0.058213;
838, 0.05761;
839, 0.056268;
840, 0.055377;
841, 0.054532;
842, 0.052959;
843, 0.052234;
844, 0.051161;
845, 0.050526;
846, 0.048769;
847, 0.046715;
848, 0.045918;
849, 0.044391;
850, 0.042941;
851, 0.042332;
852, 0.041369;
853, 0.040839;
854, 0.039567;
855, 0.039127;
856, 0.038324;
857, 0.037562;
858, 0.036453;
859, 0.035784;
860, 0.035918;
861, 0.034891;
862, 0.033916;
863, 0.033759;
864, 0.033225;
865, 0.032717;
866, 0.031851;
867, 0.031412;
868, 0.03138;
869, 0.031734;
870, 0.031301;
871, 0.03089;
872, 0.030499;
873, 0.030513;
874, 0.030141;
875, 0.029788;
876, 0.028683;
877, 0.028787;
878, 0.028886;
879, 0.027827;
880, 0.02682;
881, 0.025479;
882, 0.025743;
883, 0.02561;
884, 0.025099;
