1, 0.;
2, 0.073844;
3, 0.100427;
4, 0.125681;
5, 0.149672;
6, 0.172005;
7, 0.191845;
8, 0.210693;
9, 0.22814;
10, 0.246091;
11, 0.263144;
12, 0.279345;
13, 0.295194;
14, 0.310251;
15, 0.325472;
16, 0.339474;
17, 0.352317;
18, 0.364976;
19, 0.376544;
20, 0.387074;
21, 0.397537;
22, 0.407936;
23, 0.420108;
24, 0.429377;
25, 0.438184;
26, 0.44655;
27, 0.454956;
28, 0.463401;
29, 0.470965;
30, 0.478609;
31, 0.485872;
32, 0.493688;
33, 0.501114;
34, 0.508168;
35, 0.51487;
36, 0.522154;
37, 0.528615;
38, 0.535212;
39, 0.54102;
40, 0.546997;
41, 0.551757;
42, 0.556279;
43, 0.561034;
44, 0.565551;
45, 0.569842;
46, 0.574378;
47, 0.578686;
48, 0.582321;
49, 0.585315;
50, 0.588618;
51, 0.591297;
52, 0.594301;
53, 0.597155;
54, 0.598948;
55, 0.601111;
56, 0.603624;
57, 0.606012;
58, 0.607821;
59, 0.60954;
60, 0.610715;
61, 0.61183;
62, 0.61289;
63, 0.61298;
64, 0.613065;
65, 0.613604;
66, 0.614117;
67, 0.615062;
68, 0.61596;
69, 0.616355;
70, 0.617189;
71, 0.617522;
72, 0.617838;
73, 0.618139;
74, 0.618425;
75, 0.619155;
76, 0.619849;
77, 0.620049;
78, 0.61978;
79, 0.620443;
80, 0.620613;
81, 0.620317;
82, 0.620493;
83, 0.620203;
84, 0.619926;
85, 0.619664;
86, 0.619415;
87, 0.618719;
88, 0.618059;
89, 0.616972;
90, 0.616399;
91, 0.614937;
92, 0.613548;
93, 0.611769;
94, 0.61008;
95, 0.608934;
96, 0.609221;
97, 0.608118;
98, 0.60707;
99, 0.605615;
100, 0.604692;
101, 0.603357;
102, 0.601629;
103, 0.600447;
104, 0.599324;
105, 0.597798;
106, 0.597266;
107, 0.596302;
108, 0.595844;
109, 0.594951;
110, 0.594103;
111, 0.592838;
112, 0.592095;
113, 0.591389;
114, 0.59026;
115, 0.589188;
116, 0.588627;
117, 0.588095;
118, 0.587131;
119, 0.586214;
120, 0.585344;
121, 0.584059;
122, 0.582837;
123, 0.581677;
124, 0.579657;
125, 0.57728;
126, 0.575022;
127, 0.573335;
128, 0.571732;
129, 0.569751;
130, 0.567869;
131, 0.56654;
132, 0.564818;
133, 0.563183;
134, 0.561629;
135, 0.560153;
136, 0.558292;
137, 0.556983;
138, 0.555281;
139, 0.553205;
140, 0.550774;
141, 0.548006;
142, 0.544918;
143, 0.541984;
144, 0.539196;
145, 0.53609;
146, 0.534056;
147, 0.532124;
148, 0.52983;
149, 0.528109;
150, 0.526474;
151, 0.524003;
152, 0.521656;
153, 0.519427;
154, 0.51685;
155, 0.514861;
156, 0.512971;
157, 0.510717;
158, 0.508575;
159, 0.506541;
160, 0.50415;
161, 0.500961;
162, 0.497931;
163, 0.494594;
164, 0.491424;
165, 0.488413;
166, 0.485552;
167, 0.483292;
168, 0.481146;
169, 0.480942;
170, 0.477996;
171, 0.475197;
172, 0.472997;
173, 0.470906;
174, 0.468462;
175, 0.466599;
176, 0.46437;
177, 0.462252;
178, 0.459323;
179, 0.456999;
180, 0.454333;
181, 0.451799;
182, 0.449393;
183, 0.447107;
184, 0.444935;
185, 0.442413;
186, 0.439558;
187, 0.436846;
188, 0.434729;
189, 0.432717;
190, 0.430806;
191, 0.428532;
192, 0.426371;
193, 0.42386;
194, 0.421933;
195, 0.420103;
196, 0.418363;
197, 0.416711;
198, 0.414683;
199, 0.412756;
200, 0.410467;
201, 0.408292;
202, 0.405768;
203, 0.403828;
204, 0.401985;
205, 0.399776;
206, 0.398136;
207, 0.396119;
208, 0.394203;
209, 0.391924;
210, 0.390218;
211, 0.388597;
212, 0.386598;
213, 0.385158;
214, 0.383331;
215, 0.382055;
216, 0.380842;
217, 0.37969;
218, 0.378136;
219, 0.376661;
220, 0.3748;
221, 0.372574;
222, 0.371376;
223, 0.36978;
224, 0.368722;
225, 0.367259;
226, 0.365868;
227, 0.364088;
228, 0.362398;
229, 0.360792;
230, 0.359266;
231, 0.357816;
232, 0.356439;
233, 0.35559;
234, 0.354783;
235, 0.353557;
236, 0.352393;
237, 0.350829;
238, 0.349342;
239, 0.347472;
240, 0.346153;
241, 0.344442;
242, 0.343733;
243, 0.342143;
244, 0.340173;
245, 0.337844;
246, 0.33563;
247, 0.333986;
248, 0.331966;
249, 0.329129;
250, 0.327352;
251, 0.326122;
252, 0.324495;
253, 0.32249;
254, 0.321044;
255, 0.319671;
256, 0.318366;
257, 0.316668;
258, 0.314138;
259, 0.311733;
260, 0.30945;
261, 0.305904;
262, 0.302994;
263, 0.300229;
264, 0.297603;
265, 0.295108;
266, 0.293197;
267, 0.290464;
268, 0.287867;
269, 0.286318;
270, 0.284387;
271, 0.282553;
272, 0.280811;
273, 0.279614;
274, 0.278019;
275, 0.276503;
276, 0.275522;
277, 0.273673;
278, 0.271457;
279, 0.269352;
280, 0.267352;
281, 0.265453;
282, 0.263648;
283, 0.261475;
284, 0.258951;
285, 0.256554;
286, 0.25336;
287, 0.250325;
288, 0.247441;
289, 0.244702;
290, 0.241642;
291, 0.239193;
292, 0.236866;
293, 0.234656;
294, 0.233015;
295, 0.231456;
296, 0.229975;
297, 0.228568;
298, 0.226314;
299, 0.22509;
300, 0.223927;
301, 0.222822;
302, 0.220855;
303, 0.218987;
304, 0.217212;
305, 0.215067;
306, 0.213029;
307, 0.211552;
308, 0.210149;
309, 0.208816;
310, 0.208008;
311, 0.206782;
312, 0.206076;
313, 0.204946;
314, 0.203873;
315, 0.202395;
316, 0.202826;
317, 0.201859;
318, 0.200023;
319, 0.198279;
320, 0.196622;
321, 0.194589;
322, 0.192657;
323, 0.190364;
324, 0.188185;
325, 0.186115;
326, 0.18369;
327, 0.181845;
328, 0.179634;
329, 0.177992;
330, 0.176431;
331, 0.175408;
332, 0.174436;
333, 0.173971;
334, 0.172612;
335, 0.171779;
336, 0.17053;
337, 0.168884;
338, 0.167779;
339, 0.16673;
340, 0.165733;
341, 0.163868;
342, 0.162555;
343, 0.161308;
344, 0.159665;
345, 0.158562;
346, 0.157056;
347, 0.155626;
348, 0.154725;
349, 0.15387;
350, 0.152598;
351, 0.151849;
352, 0.150678;
353, 0.149108;
354, 0.147157;
355, 0.145304;
356, 0.143543;
357, 0.140953;
358, 0.138951;
359, 0.137508;
360, 0.135679;
361, 0.133941;
362, 0.13229;
363, 0.13118;
364, 0.130125;
365, 0.128665;
366, 0.12636;
367, 0.125088;
368, 0.123421;
369, 0.121837;
370, 0.119873;
371, 0.118008;
372, 0.116695;
373, 0.115447;
374, 0.114262;
375, 0.113136;
376, 0.112067;
377, 0.11105;
378, 0.110085;
379, 0.109168;
380, 0.108297;
381, 0.107469;
382, 0.106683;
383, 0.105936;
384, 0.104767;
385, 0.103657;
386, 0.102603;
387, 0.101601;
388, 0.101108;
389, 0.102016;
390, 0.101503;
391, 0.101015;
392, 0.100092;
393, 0.100134;
394, 0.099714;
395, 0.099316;
396, 0.099854;
397, 0.099908;
398, 0.099958;
399, 0.100006;
400, 0.100052;
401, 0.100095;
402, 0.100136;
403, 0.099716;
404, 0.098859;
405, 0.098962;
406, 0.098601;
407, 0.098258;
408, 0.097932;
409, 0.097623;
410, 0.097329;
411, 0.09705;
412, 0.096784;
413, 0.096991;
414, 0.096729;
415, 0.096938;
416, 0.097137;
417, 0.097326;
418, 0.097506;
419, 0.097676;
420, 0.097838;
421, 0.097533;
422, 0.097703;
423, 0.097405;
424, 0.097122;
425, 0.096853;
426, 0.096597;
427, 0.096354;
428, 0.096124;
429, 0.095905;
430, 0.095697;
431, 0.095499;
432, 0.094853;
433, 0.094238;
434, 0.093196;
435, 0.092206;
436, 0.091724;
437, 0.090808;
438, 0.089478;
439, 0.089133;
440, 0.088346;
441, 0.088057;
442, 0.087783;
443, 0.087063;
444, 0.086839;
445, 0.086166;
446, 0.085528;
447, 0.08538;
448, 0.085239;
449, 0.085106;
450, 0.08452;
451, 0.083505;
452, 0.083;
453, 0.082978;
454, 0.082499;
455, 0.082502;
456, 0.082506;
457, 0.082509;
458, 0.082512;
459, 0.082515;
460, 0.082517;
461, 0.08252;
462, 0.083899;
463, 0.083832;
464, 0.083769;
465, 0.083709;
466, 0.083652;
467, 0.084056;
468, 0.083982;
469, 0.083911;
470, 0.083844;
471, 0.083322;
472, 0.083284;
473, 0.08279;
474, 0.083237;
475, 0.083204;
476, 0.083172;
477, 0.083142;
478, 0.083113;
479, 0.083086;
480, 0.08306;
481, 0.083494;
482, 0.083907;
483, 0.084299;
484, 0.085588;
485, 0.086355;
486, 0.086624;
487, 0.087798;
488, 0.088454;
489, 0.089077;
490, 0.08921;
491, 0.089795;
492, 0.090352;
493, 0.091339;
494, 0.092735;
495, 0.093144;
496, 0.093991;
497, 0.094796;
498, 0.095102;
499, 0.095393;
500, 0.095669;
501, 0.095014;
502, 0.094851;
503, 0.094695;
504, 0.094548;
505, 0.093949;
506, 0.093839;
507, 0.093275;
508, 0.09274;
509, 0.091773;
510, 0.090854;
511, 0.089981;
512, 0.08961;
513, 0.088799;
514, 0.088029;
515, 0.087297;
516, 0.085226;
517, 0.083717;
518, 0.082283;
519, 0.080922;
520, 0.079628;
521, 0.078399;
522, 0.077231;
523, 0.075663;
524, 0.074632;
525, 0.073653;
526, 0.072723;
527, 0.072297;
528, 0.071435;
529, 0.070157;
530, 0.069401;
531, 0.068225;
532, 0.067566;
533, 0.06694;
534, 0.066345;
535, 0.067156;
536, 0.066551;
537, 0.065517;
538, 0.064993;
539, 0.064496;
540, 0.064023;
541, 0.063116;
542, 0.062712;
543, 0.062329;
544, 0.062424;
545, 0.061596;
546, 0.061268;
547, 0.060499;
548, 0.059767;
549, 0.059072;
550, 0.058412;
551, 0.058244;
552, 0.057625;
553, 0.057038;
554, 0.056479;
555, 0.055949;
556, 0.055445;
557, 0.054966;
558, 0.054512;
559, 0.05408;
560, 0.053669;
561, 0.052821;
562, 0.052015;
563, 0.051707;
564, 0.050957;
565, 0.050244;
566, 0.050025;
567, 0.049818;
568, 0.049162;
569, 0.048997;
570, 0.048841;
571, 0.049151;
572, 0.048987;
573, 0.048831;
574, 0.049142;
575, 0.049896;
576, 0.050153;
577, 0.050857;
578, 0.051066;
579, 0.051724;
580, 0.05189;
581, 0.052048;
582, 0.052656;
583, 0.052776;
584, 0.052889;
585, 0.052997;
586, 0.053558;
587, 0.053633;
588, 0.054621;
589, 0.055101;
590, 0.055557;
591, 0.056449;
592, 0.057296;
593, 0.057642;
594, 0.057971;
595, 0.058284;
596, 0.058122;
597, 0.058885;
598, 0.059152;
599, 0.058947;
600, 0.05921;
601, 0.059461;
602, 0.058781;
603, 0.059053;
604, 0.058853;
605, 0.059121;
606, 0.059376;
607, 0.060077;
608, 0.06166;
609, 0.061788;
610, 0.06191;
611, 0.062484;
612, 0.062571;
613, 0.062654;
614, 0.062273;
615, 0.061912;
616, 0.061568;
617, 0.061701;
618, 0.061368;
619, 0.061052;
620, 0.060752;
621, 0.060467;
622, 0.059737;
623, 0.058585;
624, 0.05749;
625, 0.05691;
626, 0.056358;
627, 0.055833;
628, 0.055335;
629, 0.055321;
630, 0.05439;
631, 0.053505;
632, 0.052665;
633, 0.051866;
634, 0.051566;
635, 0.050823;
636, 0.050117;
637, 0.049904;
638, 0.049703;
639, 0.049511;
640, 0.049788;
641, 0.050051;
642, 0.049842;
643, 0.050102;
644, 0.050349;
645, 0.050584;
646, 0.050807;
647, 0.051019;
648, 0.05122;
649, 0.051412;
650, 0.051135;
651, 0.05133;
652, 0.051057;
653, 0.050798;
654, 0.051469;
655, 0.051189;
656, 0.051382;
657, 0.051565;
658, 0.051739;
659, 0.051905;
660, 0.051603;
661, 0.051316;
662, 0.051044;
663, 0.050327;
664, 0.050104;
665, 0.049892;
666, 0.05015;
667, 0.050395;
668, 0.050627;
669, 0.050848;
670, 0.051058;
671, 0.050799;
672, 0.050553;
673, 0.050777;
674, 0.050073;
675, 0.049863;
676, 0.049664;
677, 0.049474;
678, 0.049753;
679, 0.049559;
680, 0.048915;
681, 0.049681;
682, 0.049032;
683, 0.048415;
684, 0.048288;
685, 0.047708;
686, 0.047158;
687, 0.046635;
688, 0.046596;
689, 0.046101;
690, 0.045631;
691, 0.044726;
692, 0.043407;
693, 0.042154;
694, 0.041422;
695, 0.040728;
696, 0.039609;
697, 0.038546;
698, 0.037994;
699, 0.037012;
700, 0.036079;
701, 0.035192;
702, 0.03435;
703, 0.03355;
704, 0.032331;
705, 0.031174;
706, 0.030532;
707, 0.029464;
708, 0.027991;
709, 0.027509;
710, 0.026592;
711, 0.025721;
712, 0.024435;
713, 0.023672;
714, 0.023406;
715, 0.022695;
716, 0.022477;
717, 0.021812;
718, 0.021639;
719, 0.021016;
720, 0.020424;
721, 0.02032;
722, 0.020221;
723, 0.020128;
724, 0.01958;
725, 0.01906;
726, 0.019483;
727, 0.019426;
728, 0.018914;
729, 0.018885;
730, 0.0184;
731, 0.017938;
732, 0.017959;
733, 0.017978;
734, 0.017997;
735, 0.017556;
736, 0.017595;
737, 0.017633;
738, 0.01721;
739, 0.017726;
740, 0.018216;
741, 0.018222;
742, 0.018687;
743, 0.019129;
744, 0.019549;
745, 0.019948;
746, 0.020326;
747, 0.021145;
748, 0.021922;
749, 0.022203;
750, 0.022469;
751, 0.022721;
752, 0.022961;
753, 0.024107;
754, 0.026113;
755, 0.0271;
756, 0.02758;
757, 0.028036;
758, 0.028469;
759, 0.029798;
760, 0.03106;
761, 0.03226;
762, 0.03294;
763, 0.034046;
764, 0.035096;
765, 0.036552;
766, 0.037477;
767, 0.038355;
768, 0.038731;
769, 0.039088;
770, 0.039427;
771, 0.040208;
772, 0.04095;
773, 0.041655;
774, 0.042324;
775, 0.04296;
776, 0.043565;
777, 0.04368;
778, 0.04379;
779, 0.043894;
780, 0.043993;
781, 0.043628;
782, 0.04374;
783, 0.044305;
784, 0.044842;
785, 0.044894;
786, 0.044943;
787, 0.04453;
788, 0.044139;
789, 0.044225;
790, 0.043849;
791, 0.043491;
792, 0.042693;
793, 0.042393;
794, 0.042108;
795, 0.041379;
796, 0.040686;
797, 0.040028;
798, 0.039862;
799, 0.039703;
800, 0.039553;
801, 0.038952;
802, 0.038839;
803, 0.038273;
804, 0.037736;
805, 0.037225;
806, 0.03674;
807, 0.036279;
808, 0.035841;
809, 0.035425;
