NEW RECORDING
-2048
-1039
-2048
-2048
-2048
-1147
-1020
-2048
-2048
-945
-2048
-2048
-2048
-2048
0
1
NEW RECORDING
-1
-1
-1
1
NEW RECORDING
-1
-1
-1
NEW RECORDING
0
-1
-1
-1
-1
0
-1
-1
-1
0
-1
-1
-1
-1
0
-1
0
-1
-1
-1
-1
-1
-1
-1
-1
0
-1
-1
-1
-1
-1
0
-1
-1
-1
-1
0
-1
-1
-1
0
-1
0
-1
0
-1
-1
0
-1
0
-1
-1
-1
-1
0
-1
0
-1
-1
-1
0
-1
0
-1
-1
-1
-1
0
-1
-1
-1
-1
0
-1
-1
-1
-1
0
-1
-1
-1
-1
-1
-1
0
-1
-1
-1
-1
-1
-1
0
-1
0
-1
-1
-1
-1
-1
0
0
-1
-1
0
-1
-1
0
-1
-1
-1
0
-1
-1
-1
-1
-1
0
-1
-1
-1
0
-1
-1
-1
-1
-1
-1
0
0
0
0
0
0
0
0
0
-1
0
0
0
0
-1
0
0
0
0
0
0
0
-1
0
0
-1
0
0
0
0
-1
0
0
0
0
-1
0
0
0
0
-1
0
0
0
0
0
0
0
0
0
0
0
0
0
-1
0
0
-1
0
0
0
0
0
0
0
-1
0
0
0
0
0
0
-1
0
0
0
0
-1
0
0
-1
0
0
0
0
-1
0
0
0
0
0
-1
0
0
0
0
-1
0
0
0
0
-1
0
0
-1
0
0
0
0
0
0
0
-1
0
-1
0
0
-1
0
0
0
0
0
0
0
-1
0
-1
0
0
0
0
0
0
0
0
0
0
0
0
0
0
0
-1
0
0
0
0
-1
0
0
0
0
0
0
0
0
0
0
-1
0
-1
0
0
0
0
0
0
0
0
0
0
0
0
-1
0
-1
0
0
-1
0
0
0
0
0
0
0
-1
0
0
0
0
0
-1
0
0
0
0
0
0
0
-1
0
0
0
0
0
0
0
0
0
0
0
0
0
0
0
0
0
0
-1
0
0
0
0
-1
0
0
0
0
0
0
0
-2
0
0
-1
0
0
0
0
0
0
-1
0
0
0
0
0
0
0
0
0
0
0
0
-1
0
0
0
0
0
0
0
0
0
0
0
0
0
0
0
0
0
0
-1
0
0
-1
0
0
0
0
0
0
0
0
0
0
0
0
0
0
0
0
0
0
0
0
0
0
0
0
0
0
0
0
0
0
0
-1
0
0
0
0
-1
0
0
0
0
-1
0
0
0
0
-1
0
0
0
0
0
0
0
0
0
0
0
0
-1
0
0
-1
0
0
0
0
0
0
0
0
0
-1
0
0
-1
0
0
0
-1
0
0
0
0
0
0
0
0
0
0
0
0
0
-1
0
0
0
0
0
0
0
-1
0
0
0
0
0
0
0
0
0
0
0
0
0
-1
0
0
-1
0
0
0
0
-1
0
0
0
0
0
0
0
0
0
0
-1
0
0
-1
0
0
0
0
0
0
0
-1
0
0
-2
0
0
0
0
-1
0
0
NEW RECORDING
7
2
-2
-3
2
0
-3
-2
2
0
-3
-2
NEW RECORDING
0
0
0
0
0
0
0
0
0
0
0
0
0
0
0
0
0
0
0
0
0
0
0
0
0
0
0
0
0
0
0
0
0
0
0
0
0
0
0
0
0
0
0
0
0
0
0
0
0
0
0
0
0
0
0
0
0
0
0
0
0
0
0
0
0
0
0
0
0
0
0
0
0
0
0
0
0
0
0
0
0
0
0
0
0
0
0
0
0
0
-1
-1
0
0
0
0
0
0
0
0
0
0
-1
-1
-1
0
-1
0
0
0
0
0
0
0
0
0
-2048
-2048
-2048
-2011
-1808
-1835
-1634
-1587
-1215
-1139
-1061
-1138
-1043
-1120
-1153
-1079
-1093
-1195
-882
-756
-792
-725
-725
-573
-649
-641
-523
-642
-932
-807
-690
-1121
-1109
-986
-1256
-1563
-1697
-1787
-1766
-1807
-1929
-1976
-2012
-1979
-2005
-2003
-2006
-1976
-2020
-2048
-2048
-2048
-2048
-2048
-2048
-2002
-2048
-1970
-1996
-1862
-1795
-1557
-1569
-776
-1431
-1477
-1234
-1228
-1116
-1077
-1045
-1021
-872
-776
-762
-855
-890
-1211
-1145
-1087
-1180
-1454
-1408
-1582
-1565
-1314
-1373
-1428
-1443
-1419
-1442
-1556
-1642
-1688
-1502
-1646
-1656
-1676
-1754
-1626
-2048
-2048
-2048
-2048
-2048
-2013
-2048
-2048
-2048
-1987
-1934
-1693
-1578
-1421
-1418
-1096
-974
-850
-955
-862
-615
-830
-668
-649
-478
-366
-397
-316
-321
-280
-191
-248
-242
-250
-208
-218
-186
-233
-253
-282
-280
-316
-286
-308
-277
-349
-319
-282
-286
-389
-481
-692
-892
-898
-893
-1065
-1301
-1371
-1323
-1402
-1682
-1567
-1805
-1920
-2014
-2010
-2048
-2048
-2048
-2048
-2048
-2048
-2048
-2048
-2048
-2048
-2048
-2048
-2048
-2048
-2048
-2048
-2048
-2048
-2048
-2048
-2048
-2048
-2048
-2048
-2048
-2048
-2048
-2048
-2048
-2048
-2048
-2048
-2048
-2048
-2048
-2048
-2048
-2048
-2048
-2048
-2048
-2048
-2048
-2048
-2048
-2048
-2048
-2048
-2048
-2048
-2048
-2048
-2048
-2048
-2048
-2048
-2048
-2048
-2048
-2048
-2048
-1949
-1731
-1926
-1926
-1973
-1840
-1827
-1766
-1762
-1743
-1729
-1699
-1544
-1646
-1649
-1637
-1621
-1604
-1565
-1594
-1506
-1554
-1554
-1482
-1522
-1402
-1422
-1410
-1439
-1482
-1347
-1314
-1327
-1264
-1250
-1395
-1218
-1243
-1228
-1215
-1078
-1088
-1103
-1010
-1106
-1074
-928
-1001
-1000
-1018
-719
-908
-978
-841
-812
-898
-924
-950
-914
-842
-871
-845
-830
-838
-875
-922
-915
-890
-860
-894
-888
-852
-856
-847
-848
-877
-883
-930
-959
-932
-968
-953
-928
-884
-963
-949
-963
-950
-949
-947
-980
-1052
-958
-998
-1017
-977
-982
-987
-986
-1006
-1049
-940
-977
-1000
-1059
-1045
-1053
-1046
-1032
-1038
-1021
-1047
-1049
-1089
-1058
-1073
-1064
-1118
-1113
-1069
-1077
-986
-969
-947
-963
-1023
-1061
-1076
-1091
-1153
-1173
-1098
-1115
-1097
-1099
-1084
-1109
-1103
-1126
-1159
-1037
-1068
-1111
-1131
-1117
-1091
-1092
-1129
-1129
-1158
-1176
-1121
-1123
-1027
-1083
-1070
-1086
-1159
-1169
-1189
-1214
-1211
-1103
-1068
-971
-1098
-1143
-1079
-1059
-1066
-984
-975
-966
-936
-977
-947
-1090
-999
-1003
-1037
-961
-1079
-976
-917
-968
-981
-1094
-1128
-1159
-1093
-1047
-1074
-904
-909
-950
-932
-913
-913
-797
-832
-829
-820
-644
-747
-655
-841
-850
-708
-721
-677
-668
-660
-671
-698
-698
-683
-712
-730
-723
-733
-734
-685
-722
-578
-543
-512
-542
-535
-488
-504
-399
-427
-395
-411
-424
-421
-495
-488
-478
-504
-324
-424
-428
-430
-402
-438
-436
-452
-382
-498
-590
-411
-409
-402
-431
-413
-493
-440
-495
-486
-542
-453
-491
-554
-533
-587
-642
-570
-608
-699
-689
-717
-769
-791
-814
-724
-714
-737
-650
-623
-584
-645
-784
-695
-705
-597
-669
-712
-717
-854
-739
-898
-907
-667
-680
-620
-788
-924
-957
-575
-606
-638
-1015
-891
-1083
-1167
-1140
-1337
-1259
-1324
-1367
-1252
-1219
-1233
-1146
-1165
-1177
-1267
-1267
-1293
-1387
-1377
-1000
-1072
-985
-1021
-971
-1055
-1269
-1297
-1245
-1254
-1354
-1412
-972
-965
-1096
-1399
-1331
-1317
-1346
-1350
-1419
-1467
-1303
-1005
-1084
-1218
-1138
-1037
-1019
-1004
-1056
-1023
-1153
-1140
-1109
-1025
-1029
-1028
-1030
-1077
-1086
-1103
-1089
-1096
-1093
-1089
-1023
-1059
-1106
-1111
-1142
-1178
-1014
-1147
-1193
-1202
-1169
-1229
-1196
-1248
-1148
-1169
-1148
-1129
-1132
-1137
-1174
-1184
-1276
-1206
-1336
-1350
-1355
-1359
-1375
-1335
-1253
-1221
-1232
-1190
-1190
-1232
-1229
-1251
-1224
-1233
-1200
-1208
-1207
-1235
-1219
-1216
-1168
-1131
-1153
-1336
-1360
-1369
-1379
-1348
-1347
-1411
-1407
-1339
-1406
-1400
-1416
-1488
-1462
-1471
-1575
-1548
-1600
-1628
-1639
-1665
-1663
-1587
-1629
-1634
-1641
-1651
-1560
-1266
-1262
-1262
-1054
-1060
-1107
-1130
-1220
-1159
-1151
-1171
-1157
-1183
-1157
-1179
-1179
-1195
-1220
-1190
-1216
-1227
-1256
-1257
-1221
-1238
-1199
-1212
-1214
-1205
-1237
-1194
-1226
-1198
-1246
-1235
-1204
-1303
-1260
-1243
-1247
-1200
-1199
-1150
-1247
-1133
-1252
-1233
-1248
-1040
-1246
-1231
-1204
-1184
-1178
-1030
-1143
-1159
-1190
-1170
-1165
-1083
-999
-1207
-1182
-1107
-1192
-1210
-1049
-1033
-1196
-1191
-1193
-1053
-1197
-1211
-1078
-1206
-1206
-1201
-1049
-1195
-1218
-1212
-1230
-1211
-1220
-1228
-1216
-1059
-1112
-1233
-1230
-1248
-1087
-1228
-1104
-1059
-1171
-1106
-1101
-1148
-1189
-1257
-1227
-1201
-1247
-1122
-1283
-1268
-1229
-1122
-1119
-1149
-1204
-1127
-1293
-1064
-1191
-1177
-1184
-1085
-1082
-1088
-1074
-1105
-1091
-1092
-1120
-1132
-1123
-1107
-1133
-1145
-1532
-1360
-1379
-1428
-1491
-1609
-1581
-1086
-1053
-1101
-1021
-1101
-800
-814
-803
-819
-807
-818
-811
-807
-814
-814
-798
-825
-801
-804
-813
-841
-854
-811
-863
-853
-841
-849
-836
-860
-841
-820
-824
-837
-849
-842
-813
-832
-847
-859
-857
-890
-887
-862
-862
-865
-873
-882
-889
-882
-889
-873
-912
-879
-892
-890
-906
-898
-900
-899
-887
-888
-896
-895
-895
-897
-898
-897
-904
-926
-918
-914
-914
-922
-915
-941
-936
-932
-907
-955
-942
-966
-938
-936
-945
-997
-928
-933
-908
-975
-912
-855
-827
-855
-854
-947
-665
-770
-936
-1004
-871
-1032
-1038
-903
-982
-1007
-1026
-1047
-1079
-1067
-857
-901
-874
-900
-875
-882
-1096
-1072
-1018
-1096
-1117
-1148
-1175
-1121
-1145
-1152
-1188
-1183
-1208
-1176
-1195
-1133
-1142
-1213
-1237
-1253
-1261
-1244
-1275
-1328
-1338
-1658
-1567
-1496
-1387
-1385
-1410
-1453
-1503
-1510
-1540
-1632
-1627
-1531
-1569
-1583
-1631
-1624
-1654
-1726
-1758
-1741
-1782
-1729
-1716
-1724
-1663
-1840
-1858
-1433
-1370
-1306
-1244
-1308
-1234
-1275
-1256
-1320
-1254
-1250
NEW RECORDING
-2048
-2048
-2048
-2048
-2013
-2007
-2048
-2039
-2032
-2048
-1989
-1918
-1979
-1960
-1951
-1973
-1990
-1996
-1977
-1966
-1951
-1939
-1982
-1951
-1931
-2027
-2048
-2048
-2035
-2036
-1997
-2013
-1975
-1961
-1903
-1879
-1915
-1901
-1834
-1841
-1857
-1846
-1840
-1799
-1806
-1749
-1772
-1722
-1720
-1726
-1719
-1731
-1741
-1742
-1729
-1723
-1753
-1769
-1712
-1786
-1794
-1803
-1853
-1747
-1772
-1665
-1697
-1708
-1699
-1701
-1735
-1723
-1762
-1747
-1749
-1726
-1810
-1824
-1808
-1763
-1819
-1744
-1853
-1845
-1791
-1768
-1762
-1763
-1783
-1752
-1740
-1723
-1692
-1599
-1818
-1759
-1784
-1655
-1657
-1718
-1633
-1640
-1633
-1660
-1579
-1573
-1578
-1563
-1539
-1527
-1578
-1587
-1553
-1401
-1408
-1414
-1387
-1408
-1414
-1454
-1401
-1480
-1514
-1465
-1476
-1530
-1557
-1502
-1488
-1450
-1245
-1310
-1280
-1287
-1478
-1567
-1575
-1537
-1638
-1567
-1468
-1531
-1569
-1568
-1596
-1577
-1627
-1671
-1589
-1573
-1610
-1584
-1607
-1594
-1628
-1517
-1585
-1592
-1595
-1543
-1539
-1567
-1490
-1523
-1524
-1487
-1495
-1535
-1523
-1534
-1548
-1521
-1443
-1468
-1550
-1481
-1487
-1489
-1538
-1501
-1467
-1499
-1479
-1454
-1419
-1382
-1348
-1397
-1361
-1361
-1332
-1432
-1384
-1394
-1370
-1356
-1376
-1298
-1322
-1243
-1184
-1181
-1204
-1268
-1275
-1197
-1207
-1185
-1256
-1239
-1258
-1279
-1238
-1228
-1192
-1205
-1207
-1199
-1216
-1198
-1244
-1236
-1209
-1217
-1122
-1118
-1038
-968
-991
-1012
-1021
-962
-936
-978
-982
-929
-993
-968
-944
-967
-989
-974
-962
-961
-980
-972
-975
-975
-982
-989
-977
-968
-958
-979
-957
-991
-990
-960
-981
-936
-957
-990
-975
-995
-989
-1019
-990
-978
-990
-982
-983
-969
-959
-951
-923
-918
-918
-906
-939
-912
-901
-918
-936
-941
-889
-853
-885
-874
-908
-859
-818
-851
-832
-795
-850
-834
-857
-886
-850
-836
-845
-874
-841
-866
-877
-868
-841
-803
-769
-761
-784
-778
-777
-781
-779
-784
-757
-810
-837
-820
-848
-815
-861
-865
-811
-819
-837
-851
-801
-860
-883
-842
-835
-810
-793
-775
-800
-821
-808
-810
-794
-785
-804
-808
-797
-787
-825
-817
-810
-831
-851
-827
-798
-809
-790
-850
-823
-830
-804
-806
-812
-849
-787
-799
-823
-802
-808
-734
-753
-772
-781
-822
-755
-768
-774
-792
-802
-734
-763
-757
-772
-760
-794
-782
-781
-728
-755
-753
-712
-754
-701
-649
-630
-645
-661
-660
-664
-614
-586
-548
-538
-593
-738
-701
-716
-736
-587
-615
-580
-633
-675
-583
-529
-526
-460
-479
-508
-580
-720
-687
-704
-689
-766
-715
-720
-770
-523
-612
-579
-607
-612
-599
-512
-535
-668
-642
-576
-702
-709
-688
-714
-710
-711
-696
-704
-690
-697
-691
-698
-695
-676
-647
-707
-712
-727
-730
-718
-728
-748
-739
-701
-716
-708
-768
-787
-796
-806
-809
-799
-817
-798
-821
-775
-786
-756
-777
-780
-786
-776
-780
-752
-758
-751
-742
-727
-758
-758
-789
-768
-755
-723
-746
-732
-760
-728
-748
-729
-755
-762
-781
-756
-783
-806
-793
-755
-734
-724
-753
-755
-764
-728
-726
-735
-722
-711
-691
-683
-695
-673
-635
-618
-665
-710
-709
-693
-651
-656
-691
-728
-736
-739
-736
-738
-717
-726
-734
-716
-737
-732
-740
-777
-755
-740
-792
-785
-748
-733
-737
-713
-734
-741
-728
-768
-795
-769
-772
-802
-803
-784
-775
-822
-835
-798
-828
-825
-791
-842
-821
-804
-784
-836
-805
-835
-789
-835
-824
-816
-832
-828
-823
-799
-817
-792
-794
-797
-775
-780
-789
-769
-763
-791
-774
-782
-799
-792
-763
-800
-798
-773
-753
-746
-717
-801
-750
-710
-726
-696
-700
-735
-724
-728
-778
-771
-764
-742
-750
-751
-767
-831
-861
-786
-776
-827
-817
-834
-815
-822
-780
-756
-760
-783
-813
-794
-816
-824
-681
-718
-728
-709
-724
-725
-696
-733
-736
-721
-760
-761
-800
-878
-849
-842
-857
-826
-873
-851
-838
-857
-861
-850
-833
-850
-873
-842
-841
-862
-874
-839
-821
-786
-823
-836
-824
-827
-873
-892
-879
-823
-834
-860
-851
-845
-840
-814
-807
-780
-781
-774
-826
-834
-810
-832
-858
-803
-792
-820
-808
-789
-784
-823
-804
-815
-822
-801
-842
-897
-840
-839
-858
-891
-902
-898
-924
-941
-928
-940
-925
-867
-921
-918
-972
-991
-974
-955
-1029
-1033
-1067
-1100
-1036
-1050
-1032
-1026
-1014
-1117
-1109
-1088
-1117
-1098
-1130
-1059
-1128
-1172
-1168
-1186
-1227
-1147
-1190
-1324
-1346
-1451
-1391
-1489
-1369
-1516
-1492
-1483
-1586
-1584
-1605
-1590
-1651
-1666
-1675
-1626
-1726
-1732
-1717
-1681
-1899
-1928
-1808
-1719
-1872
-1778
-1902
-1998
-2048
-2048
-2048
-2048
-2048
-2048
-2048
-2048
-2048
-2048
-2048
-2048
-2048
-2048
-2048
-2048
-2048
-2048
-2048
-2048
-2048
-2048
-2048
-2048
-2048
-2048
-2048
-2048
-2048
-2048
-2048
-2048
-2048
-2048
-2048
-2048
-2048
-2048
-2048
-2048
-2048
-2048
-2048
-2048
-2048
-2048
-2048
-2048
-2048
-2048
-2048
-2048
-2048
-2048
-2048
-2048
-2048
-2048
-2048
-2048
-2048
-2048
-2048
-2048
-2048
-2048
-2048
-2048
-2048
-2048
-2048
-2048
-2048
-2048
-2048
-2048
-2048
-2048
-2048
-2048
-2048
-2048
-2048
-2048
-2048
-2048
-2048
-2048
-2048
-2048
-2048
-2048
-2048
-2048
-2048
-2048
-2048
-2048
-2048
NEW RECORDING
-111
-61
-63
-59
-61
-62
-59
-59
-59
-59
-56
-57
-60
-57
-56
-56
-56
-55
-55
-55
-55
-54
-54
-56
-53
-52
-51
-52
-52
-54
-52
-53
-52
-50
-53
-53
-53
-53
-52
-52
-51
-50
-52
-50
-51
-50
-52
-51
-51
-51
-49
-49
-48
-47
-46
-46
-44
-46
-43
-49
-47
-47
-45
-44
-46
-42
-46
-44
-46
-43
-43
-41
-45
-42
-42
-44
-39
-40
-44
-40
-39
-35
-33
-35
-37
-34
-37
-37
-29
-32
-26
-33
-24
-27
-29
-24
-25
-29
-34
-18
-21
-24
-25
-26
-24
-15
-20
-22
-17
-23
-17
-19
-9
-28
-23
-21
-13
-24
-19
-26
-10
-13
-1
-5
-17
-19
-18
-18
-21
-18
-24
-28
-26
-27
-18
-31
-31
-28
-26
-31
-32
-32
-33
-34
-32
-33
-32
-35
-35
-32
-32
-32
-33
-33
-33
-32
-37
-35
-36
-38
-35
-35
-36
-34
-37
-38
-32
-35
-38
-37
-36
-32
-32
-38
-32
-34
-35
-34
-36
-30
-33
-31
-33
-36
-34
-33
-37
-32
-28
-32
-33
-31
-33
-29
-29
-28
-32
-35
-34
-32
-30
-31
-31
-30
-35
-28
-28
-34
-29
-25
-31
-27
-23
-24
-20
-22
-25
-21
-19
-24
-26
-28
-25
-20
-27
-16
-18
-16
-16
-20
-19
-23
-24
-9
-17
-19
-19
-22
-12
-10
-6
-16
-11
-19
-14
-20
-3
-8
-17
-22
-12
-7
-14
0
-8
-14
-8
-14
-12
-11
-6
-4
-13
-13
-3
-11
-5
-12
-2
-12
-4
-5
-7
-12
-8
-6
-7
-10
-11
-7
-14
-2
-7
-8
-20
-13
-16
-4
-6
0
-14
-4
-5
-7
-8
0
-2
-3
0
-5
-5
-7
-1
-1
-5
-3
-3
-2
0
-5
-4
-4
-6
-10
-5
-17
-6
-7
-4
-3
-9
-8
-6
-13
-6
-8
-3
-13
-2
0
-6
-2
-3
-7
-2
-2
-3
-3
-6
-11
-1
-12
-6
-6
-6
-6
-8
-10
-5
-3
-13
-11
-10
-3
-2
-3
-9
-8
-6
-5
-2
-2
-1
-4
-3
-1
-5
-7
-1
-2
-5
-6
-8
-3
-12
-6
-4
-2
-1
-6
-5
-5
-3
-6
-11
-2
-5
-5
-10
-3
-4
-6
-7
-3
-4
-10
-8
-2
-11
-9
-6
-7
-5
-8
-20
-15
-7
-9
-8
-10
-12
-21
-13
-9
-21
-15
-10
-25
-13
-29
-23
-12
-32
-25
-24
-27
-25
-28
-33
-39
-36
-36
-38
-40
-40
-41
-44
-46
-50
-48
-45
-45
-45
-46
-42
-54
-48
-55
-47
-50
-49
-52
-51
-51
-52
-61
-61
-62
-61
-58
-55
-56
-64
-61
-60
-61
-58
-59
-58
-60
-63
-61
-68
-70
-69
-69
-65
-61
-65
-64
-59
-63
-62
-67
-62
-64
-64
-64
-65
-64
-66
-63
-63
-62
-67
-63
-65
-60
-61
-63
-64
-63
-63
-62
-62
-61
-62
-63
-62
-63
-64
-65
-65
-66
-65
-64
-65
-66
-66
-66
-67
-66
-67
-66
-67
-65
-67
-65
-67
-66
-68
-67
-65
-69
-71
-71
-70
-70
-72
-71
-73
-71
-72
-74
-73
-72
-73
-73
-75
-73
-74
-74
-74
-74
-74
-73
-75
-76
-76
-76
-75
-77
-74
-76
-77
-77
-75
-77
-76
-76
-75
-74
-77
-77
-79
-80
-78
-81
-78
-79
-79
-79
-80
-78
-81
-80
-83
-82
-81
-83
-82
-82
-82
-80
-81
-82
-83
-83
-84
-87
-86
-88
-86
-89
-90
-90
-90
-91
-90
-91
-91
-91
-92
-93
-94
-94
-94
-96
-94
-95
-94
-96
-97
-93
-95
-94
-97
-94
-96
-95
-95
-99
-99
-99
-98
-99
-97
-98
-99
-97
-97
-96
-97
-96
-96
-97
-96
-96
-96
-96
-97
-98
-97
-100
-100
-102
-101
-103
-100
-103
-104
-103
-105
-103
-104
-103
-103
-104
-106
-105
-103
-105
-103
-104
-104
-104
-106
-106
-105
-105
-105
-106
-105
-104
-106
-106
-106
-105
-105
-106
-108
-109
-110
-111
-112
-113
-111
-108
-109
-110
-109
-109
-110
-111
-109
-108
-110
-109
-109
-109
-110
-110
-110
-111
-111
-110
-110
-111
-111
-112
-110
-110
-112
-110
-111
-111
-111
-111
-112
-113
-114
-112
-114
-113
-112
-112
-111
-114
-114
-113
-116
-113
-115
-113
-112
-112
-114
-113
-115
-113
-113
-114
-115
-111
-114
-115
-113
-114
-115
-113
-115
-115
-113
-114
-115
-115
-117
-113
-115
-116
-115
-115
-116
-116
-115
-118
-118
-117
-116
-120
-118
-119
-119
-120
-121
-119
-119
-120
-122
-120
-121
-122
-120
-120
-119
-120
-121
-123
-121
-120
-121
-122
-120
-121
-122
-121
-122
-121
-122
-124
-120
-119
-120
-123
-122
-123
-121
-123
-122
-123
-122
-123
-123
-124
-123
-123
-123
-122
-124
-125
-124
-124
-127
-123
-127
-123
-124
-126
-125
-125
-127
-125
-126
-125
-128
-129
-126
-128
-128
-126
-127
-126
-128
-126
-127
-127
-128
-127
-125
-128
-128
-126
-127
-127
-128
-127
-126
-125
-127
-127
-127
-126
-127
-127
-129
-126
-126
-129
-129
-130
-126
-127
-128
-127
NEW RECORDING
0
0
0
0
0
0
0
0
0
0
0
0
0
0
0
0
0
0
0
0
0
0
0
0
0
0
0
0
0
0
0
0
0
0
0
0
0
0
0
0
0
0
0
0
0
0
0
0
0
0
0
0
0
0
0
0
0
0
0
0
0
0
0
0
0
0
0
0
0
0
0
0
0
0
0
0
0
0
0
0
0
0
0
0
0
0
0
0
0
0
0
0
0
0
0
0
0
0
0
0
0
0
0
0
0
0
0
0
0
0
0
0
0
0
0
0
0
0
0
0
0
0
0
0
0
0
0
0
0
0
0
0
0
0
0
0
0
0
0
0
0
0
0
0
0
0
0
0
0
0
0
0
0
0
0
0
0
0
0
0
0
0
0
0
0
0
0
0
0
0
0
0
0
0
0
0
0
0
0
0
0
0
0
0
0
0
0
0
0
0
0
0
0
0
0
0
0
0
0
0
0
0
0
0
0
0
0
0
0
0
0
0
0
0
0
0
0
0
0
0
0
0
0
0
0
0
0
0
0
0
0
0
0
0
0
0
0
0
0
0
0
0
0
0
0
0
0
0
0
0
0
0
0
0
0
0
0
0
0
0
0
0
0
0
0
0
0
0
0
0
0
0
0
0
0
0
0
0
0
0
0
0
0
0
0
0
0
0
0
0
0
0
0
0
0
0
0
0
0
0
0
0
0
0
0
0
0
0
0
0
0
0
0
0
0
0
0
0
0
0
0
0
0
0
0
0
0
0
0
0
0
0
0
0
0
0
0
0
0
0
0
0
0
0
0
0
0
0
0
0
0
0
0
0
0
0
0
0
0
0
0
0
0
0
0
0
0
0
0
0
0
0
0
0
0
0
0
0
0
0
0
0
0
0
0
0
0
0
0
0
0
0
0
0
0
0
0
0
0
0
0
0
0
0
0
0
0
0
0
0
0
0
0
0
0
0
0
0
0
0
0
0
0
0
0
0
0
0
0
0
0
0
0
0
0
0
0
0
0
0
0
0
0
0
0
0
0
0
0
0
0
0
0
0
0
0
0
0
0
0
0
0
0
0
0
0
0
0
0
0
0
0
0
0
0
0
0
0
0
0
0
0
0
0
0
0
0
0
0
0
0
0
0
0
0
0
0
0
0
0
0
0
0
0
0
0
0
0
0
0
0
0
0
0
0
0
0
0
0
0
0
0
0
0
0
0
0
0
0
0
0
0
0
0
0
0
0
0
0
0
0
0
0
0
0
0
0
0
0
0
0
0
0
0
0
0
0
0
0
0
0
0
0
0
0
0
0
0
0
0
0
0
0
0
0
0
0
0
0
0
0
0
0
0
0
0
0
0
0
0
0
0
0
0
0
0
0
0
0
0
0
0
0
0
0
0
0
0
0
0
0
0
0
0
0
0
0
0
0
0
0
0
0
0
0
0
0
0
0
0
0
0
0
0
0
0
0
0
0
0
0
0
0
0
0
0
0
0
0
0
0
0
0
0
0
0
0
0
0
0
0
0
0
0
0
0
0
0
0
0
0
0
0
0
0
0
0
0
0
0
0
0
0
0
0
0
0
0
0
0
0
0
0
0
0
0
0
0
0
0
0
0
0
0
0
0
0
0
0
0
0
0
0
0
0
0
0
0
0
0
0
0
0
0
0
0
0
0
0
0
0
0
0
0
0
0
0
0
0
0
0
0
0
0
0
0
0
0
0
0
0
0
0
0
0
0
0
0
0
0
0
0
0
0
0
0
0
0
0
0
0
0
0
0
0
0
0
0
0
0
0
0
0
0
0
0
0
0
0
0
0
0
0
0
0
0
0
0
0
0
0
0
0
0
0
0
0
0
0
0
NEW RECORDING
52
51
51
50
49
49
48
48
48
47
47
47
47
46
46
46
45
45
45
44
43
43
42
42
42
41
41
41
40
40
39
39
39
38
38
38
38
38
37
37
37
37
36
36
36
36
37
37
38
37
37
37
37
37
37
37
37
37
39
39
40
40
40
40
39
39
39
39
39
39
39
39
39
39
38
38
38
38
38
37
38
37
37
37
37
36
36
36
34
34
34
34
33
33
33
33
33
32
32
32
31
31
31
31
31
30
30
30
30
30
30
29
30
30
30
30
30
30
30
30
30
30
29
30
30
30
30
30
30
30
30
30
30
30
30
30
30
30
29
29
29
29
29
29
30
30
30
30
30
30
30
30
29
29
29
28
28
28
29
29
29
29
30
30
30
30
30
30
31
31
30
30
30
30
30
30
30
29
29
29
29
29
29
29
29
30
30
30
30
29
29
29
29
29
29
29
29
30
30
30
30
30
29
28
28
28
28
28
28
28
28
28
28
28
28
28
28
28
28
28
28
28
28
29
29
28
28
28
28
29
29
29
29
29
29
30
30
30
30
30
30
30
31
31
31
31
30
30
30
31
32
30
29
28
29
29
29
29
29
28
28
28
28
28
28
27
27
28
28
28
28
28
28
29
29
29
29
29
29
29
29
29
30
30
30
30
30
30
30
30
30
30
30
29
29
30
29
29
29
29
29
29
29
30
30
29
30
30
29
29
29
29
29
29
29
29
29
29
29
29
28
29
28
28
28
28
28
28
28
28
28
28
24
25
25
26
26
26
27
27
27
27
27
27
27
27
26
26
26
25
26
26
26
26
26
26
26
26
27
27
27
27
27
28
27
28
28
28
28
27
27
27
27
27
27
27
28
28
27
28
28
28
28
28
27
28
27
28
27
27
28
28
27
28
28
28
28
28
28
28
29
28
28
28
28
29
29
29
28
29
29
29
29
29
29
29
29
29
28
28
28
29
29
29
28
28
28
28
28
28
28
28
28
28
28
28
28
28
28
28
28
28
28
28
28
28
28
28
28
28
28
28
28
28
28
28
28
28
28
28
28
28
28
28
28
28
28
28
28
28
28
28
28
28
28
28
28
28
28
28
28
28
28
28
28
28
28
28
28
29
28
28
28
28
28
28
28
28
28
28
28
28
28
28
28
28
28
28
28
28
28
28
28
28
28
28
28
28
28
28
28
28
28
28
28
28
28
28
28
28
28
28
28
28
28
28
28
28
28
28
28
28
28
28
28
28
28
28
28
28
28
28
28
28
28
28
28
28
28
28
28
28
28
24
23
23
23
23
24
24
24
24
24
25
25
25
25
25
26
26
26
26
26
26
26
26
26
26
26
26
26
26
26
26
26
26
26
26
26
26
26
26
26
26
26
26
26
26
26
26
26
24
25
25
25
25
25
25
25
25
24
25
25
25
25
25
25
25
25
25
25
25
25
25
25
25
25
25
25
25
25
25
25
25
25
25
25
25
25
25
25
25
25
25
26
26
26
26
26
26
26
26
26
26
26
26
26
26
26
26
26
25
25
25
25
25
25
22
20
21
21
22
22
22
22
22
23
23
23
23
23
23
23
23
23
24
24
24
24
24
24
24
24
23
21
21
22
22
22
22
22
22
22
22
22
22
22
22
22
22
23
23
23
23
22
22
22
22
22
22
22
22
22
22
22
22
22
22
22
22
22
22
22
22
22
22
22
22
22
22
22
22
22
22
22
22
22
22
22
22
22
22
22
22
22
22
22
22
22
22
22
22
22
22
22
22
22
22
22
22
22
22
22
22
22
22
22
22
22
22
22
22
22
21
22
22
22
22
22
22
22
22
22
22
22
22
22
22
22
22
22
22
22
22
22
22
22
22
22
22
22
22
22
22
22
22
22
22
22
22
22
22
22
22
22
22
22
22
22
22
22
22
22
22
22
22
22
22
22
22
NEW RECORDING
0
0
0
0
0
0
0
0
0
0
0
0
0
0
0
0
0
0
0
0
0
0
0
0
0
0
0
0
0
0
0
0
0
0
0
0
0
0
0
0
0
0
0
0
0
0
0
0
0
0
0
0
0
0
0
0
0
0
0
0
0
0
0
0
0
0
0
0
0
0
0
0
0
0
0
0
0
0
0
0
0
0
0
0
0
0
0
0
0
0
0
0
0
0
0
0
0
0
0
0
0
0
0
0
0
0
0
0
0
0
0
1
0
0
0
0
0
0
0
0
0
0
0
0
0
0
0
0
0
0
0
0
0
0
0
0
0
0
0
0
0
0
0
0
0
0
0
0
0
0
0
0
0
0
0
0
0
0
0
0
0
0
0
0
0
0
0
0
0
0
0
0
0
0
0
0
0
0
0
0
0
0
0
0
0
0
0
0
0
0
0
0
0
0
0
0
0
0
0
0
0
0
0
0
0
0
0
0
0
0
0
0
0
0
0
0
0
0
0
0
0
0
0
0
0
0
0
0
0
0
0
0
0
0
0
0
0
0
0
0
0
0
0
0
0
0
0
0
0
0
0
0
0
0
0
0
0
0
0
0
0
0
0
0
0
0
0
0
0
0
0
0
0
0
0
0
0
0
0
0
0
0
0
0
0
0
0
0
0
0
0
0
0
0
0
0
0
0
0
0
0
0
0
0
0
0
0
0
0
0
0
0
0
0
0
0
0
0
0
0
0
0
0
0
0
0
0
0
0
0
0
0
0
0
0
0
0
0
0
0
0
0
0
0
0
0
0
0
0
0
0
0
0
0
0
0
0
0
0
0
0
0
0
0
0
0
0
0
0
0
0
0
0
0
0
0
0
0
0
0
0
0
0
0
0
0
0
0
0
0
0
0
0
0
0
0
0
0
0
0
0
0
0
0
0
0
0
0
0
0
0
0
0
0
0
0
0
0
0
0
0
0
0
0
0
0
0
0
0
0
0
0
0
0
0
0
0
0
0
0
0
0
0
0
0
0
0
0
0
0
0
0
0
0
0
0
0
0
0
0
0
0
0
0
0
0
0
0
0
0
0
0
0
0
0
0
0
0
0
0
0
0
0
0
0
0
0
0
0
0
0
0
0
0
0
0
0
0
0
0
0
0
0
0
0
0
0
0
0
0
0
0
0
0
0
0
0
0
0
0
0
0
0
0
0
0
0
0
0
0
0
0
0
0
0
0
0
0
0
0
0
0
0
0
0
0
0
0
0
0
0
0
0
0
0
0
0
0
0
0
0
0
0
0
0
0
0
0
0
0
0
0
0
0
0
0
0
0
0
0
0
0
0
0
0
0
0
0
0
0
0
0
0
0
0
0
0
0
0
0
0
0
0
0
0
0
0
0
0
0
0
0
0
0
0
0
0
0
0
0
0
0
0
0
0
0
0
0
0
0
0
0
0
0
0
0
0
0
0
0
0
0
0
0
0
0
0
0
0
0
0
0
0
0
0
0
0
0
0
0
0
0
0
0
0
0
0
0
0
0
0
0
0
0
0
0
0
0
0
0
0
0
0
0
0
0
0
0
0
0
0
0
0
0
0
0
0
0
0
0
0
0
0
0
0
0
0
0
0
0
0
0
0
0
0
0
0
0
0
0
0
0
0
0
0
0
0
0
0
0
0
0
0
0
0
0
0
0
0
0
0
0
0
0
0
0
0
0
0
0
0
0
0
0
0
0
0
0
0
0
0
0
0
0
0
0
0
0
0
0
0
0
0
0
0
0
0
0
0
0
0
0
0
0
0
0
0
0
0
0
0
0
0
0
0
0
0
0
0
0
0
0
0
0
0
0
0
1
NEW RECORDING
200
157
157
157
156
153
153
152
155
155
155
156
156
158
157
156
157
156
155
156
157
162
157
157
157
158
159
158
159
159
161
161
161
161
163
162
163
162
163
161
161
162
162
162
163
163
162
161
162
161
162
162
160
161
162
162
161
161
160
160
160
158
158
159
159
160
160
159
160
159
159
159
159
160
160
159
158
160
159
158
159
158
158
158
158
157
157
156
157
155
155
154
154
155
158
155
155
154
155
154
153
154
154
153
155
154
155
154
154
153
154
154
153
153
154
154
153
153
153
152
152
152
150
149
149
150
150
149
149
150
149
149
149
149
148
149
148
147
146
145
144
144
144
143
145
145
144
145
145
143
143
143
142
143
143
142
142
142
141
139
139
138
138
138
138
139
139
143
137
137
138
138
137
138
137
137
135
136
135
135
135
135
135
134
133
133
134
134
134
133
133
132
133
133
133
133
132
132
131
131
130
131
131
130
131
130
130
129
130
130
129
130
129
130
130
130
129
129
128
127
129
128
129
128
128
127
127
127
127
127
127
128
128
127
127
126
126
125
126
125
127
125
124
123
123
124
123
121
123
124
123
122
123
123
123
122
120
120
120
117
118
118
118
118
119
117
117
119
118
118
118
119
118
118
119
117
116
116
116
116
116
115
114
114
112
112
112
112
111
112
112
112
113
113
113
113
111
113
113
113
111
111
111
110
110
111
111
111
112
111
112
111
111
110
114
111
109
109
109
108
108
107
107
107
106
107
106
107
107
108
108
109
107
108
107
106
107
107
107
105
106
106
105
106
105
105
106
106
105
106
105
104
103
103
103
101
102
103
102
102
102
103
103
102
100
102
101
101
100
100
101
101
101
101
101
101
101
101
101
101
101
101
100
100
100
100
101
104
101
101
100
102
101
101
103
102
102
102
102
102
102
101
100
102
101
101
101
101
101
101
101
102
101
102
102
102
102
102
102
101
102
101
101
101
101
101
101
101
101
101
100
100
99
99
100
99
98
100
99
100
100
99
100
99
99
100
100
100
99
98
99
100
99
100
100
100
100
100
100
100
103
100
100
100
100
101
100
100
100
99
100
99
101
100
100
100
100
100
100
101
101
101
103
102
101
103
102
102
101
102
102
103
104
102
103
103
102
102
102
100
101
101
101
100
101
100
100
99
99
99
100
99
99
99
96
97
97
97
97
97
97
96
97
97
97
98
97
96
97
96
97
97
97
100
97
96
97
97
97
96
97
97
98
96
97
96
96
96
96
97
96
96
96
96
96
96
96
96
96
95
95
96
95
95
96
96
95
96
96
97
96
96
97
98
97
98
97
98
97
97
98
97
97
97
98
97
99
98
98
99
99
98
98
98
97
99
98
97
98
98
96
98
97
98
98
99
101
98
98
99
98
98
97
97
97
98
97
97
97
97
96
95
95
96
96
96
96
97
95
95
95
95
96
95
95
96
96
96
97
97
96
97
97
97
97
97
97
97
96
97
96
96
98
96
97
97
97
97
96
96
96
95
96
96
97
97
97
97
97
96
96
97
95
96
96
96
97
96
95
98
95
95
96
95
95
95
96
95
95
94
93
93
94
94
93
93
94
93
93
93
93
93
92
92
93
92
91
93
92
92
91
92
93
92
93
92
93
92
92
93
93
93
92
92
94
93
92
93
92
92
93
93
93
92
93
93
92
94
94
93
94
94
94
94
94
95
95
94
94
94
94
96
98
96
95
95
95
97
97
97
96
97
97
98
97
97
96
96
96
97
97
97
97
97
97
96
96
96
96
95
96
97
97
96
96
95
95
96
95
95
94
95
95
94
94
94
95
95
95
94
95
94
94
94
94
94
94
94
95
