NEW RECORDING
-1
0
0
0
0
0
0
-1
0
0
0
0
0
-1
0
0
NEW RECORDING
-1
-1
-1
-1
NEW RECORDING
-1
0
-1
NEW RECORDING
0
-1
0
-1
-1
-1
0
-1
-1
-1
-1
-1
-1
-1
-1
-1
-1
-1
0
-1
-1
-1
-1
0
-1
-1
-1
0
0
-1
-1
-1
-1
-1
-1
-1
-1
-1
0
-1
0
-1
0
0
-1
-1
-1
-1
-1
-1
-1
0
-1
-1
-1
-1
-1
-1
0
-1
0
-1
-1
-1
-1
-1
-1
-1
-1
-1
-1
-1
-1
-1
-1
-1
-1
-1
-1
-1
-1
-1
0
-1
0
-1
-1
-1
-1
-1
-1
2047
0
0
0
0
0
0
0
0
0
0
0
0
0
0
0
0
0
0
0
0
0
0
0
0
0
0
0
0
0
0
0
0
0
0
0
0
0
0
0
0
0
0
0
0
0
0
0
0
0
0
0
0
0
0
0
0
0
0
0
0
0
0
0
0
0
0
0
0
0
0
0
0
0
0
0
0
0
0
0
0
0
0
0
0
0
0
0
0
0
0
0
0
0
0
0
0
0
0
0
0
0
0
0
0
0
0
0
0
0
0
0
0
0
0
0
0
0
0
0
0
0
0
0
0
0
0
0
0
0
0
0
0
0
0
0
0
0
0
0
0
0
0
0
0
0
0
0
0
0
0
0
0
0
0
0
0
0
0
0
0
0
0
0
0
-1
0
0
0
0
0
0
0
0
-1
0
0
0
0
0
0
0
-1
0
0
0
0
-1
0
0
0
0
0
0
0
-1
0
-1
0
0
0
-1
0
0
0
0
0
0
0
0
-1
-1
0
0
0
0
-1
0
0
0
0
0
0
0
0
0
-1
0
0
0
0
0
0
0
-1
0
0
-1
-1
0
0
0
-1
0
0
0
-1
0
0
-1
0
-1
-1
-1
0
-1
0
0
0
0
0
-1
-1
0
0
-1
-1
0
-1
0
0
0
0
-1
-1
0
-1
0
-1
0
0
-1
-1
0
-1
0
0
0
0
-1
0
0
0
-1
-1
0
-1
-1
-1
-1
-1
-1
-1
0
0
0
0
-1
0
0
-1
-1
0
-1
0
0
-1
0
0
0
-1
0
0
-1
0
-1
0
-1
-1
0
-1
0
-1
1
0
0
-1
0
0
0
-1
-1
-1
0
-2
-1
0
0
-1
0
0
0
-1
1
-1
0
0
0
0
-1
-1
-1
0
-1
-1
-1
-1
-1
0
0
0
1
0
-1
0
0
-1
-1
-1
0
-1
-2
1
-1
-1
0
-1
0
-1
0
0
0
0
-1
-1
-1
0
-2
-1
-1
1
0
0
0
-1
0
0
-1
-1
-1
0
-1
0
0
-1
2
0
0
-1
0
-2
1
0
-2
1
0
-1
-2
0
0
0
-1
-1
0
0
-1
-1
0
0
-2
0
-1
-1
-1
-1
0
0
-1
0
1
1
-1
0
-2
-1
0
-1
-1
0
-1
-1
0
0
1
1
-1
1
-1
0
0
-1
NEW RECORDING
-1
0
-1
0
0
0
0
0
-1
0
-1
0
NEW RECORDING
-131
-63
-69
-82
-82
-92
-98
-95
-106
-110
-108
-111
-114
-119
-120
-118
-121
-124
-124
-127
-121
-128
-128
-128
-132
-133
-137
-135
-137
-142
-140
-142
-140
-143
-148
-148
-147
-150
-151
-153
-153
-150
-156
-152
-151
-156
-153
-156
-155
-154
-155
-156
-153
-156
-157
-154
-155
-154
-159
-156
-161
-158
-158
-161
-159
-162
-162
-163
-160
-160
-163
-165
-160
-161
-164
-162
-167
-168
-167
-166
-175
-165
-167
-162
-164
-166
-166
-163
-165
-162
-162
-163
-160
-160
-162
-159
-158
-161
-159
-158
-158
-159
-157
-157
-157
-158
-156
-155
-157
-155
-156
-154
-152
-149
-151
-151
-77
-82
-72
-92
-104
-108
-119
-118
-138
-134
-137
-138
-136
-136
-132
-137
-136
-135
-139
-144
-137
-142
-138
-141
-142
-141
-141
-141
-133
-139
-137
-130
-127
-133
-128
-113
-111
-106
-104
-98
-92
-86
-83
-90
-87
-89
-87
-92
-83
-74
-70
-78
-85
-80
-82
-89
-79
-89
-89
-124
-101
-109
-108
-136
-123
-115
-124
-122
-125
-133
-132
-126
-129
-129
-133
-132
-129
-116
-119
-121
-121
-108
-118
-114
-122
-121
-116
-119
-121
-120
-114
-117
-106
-102
-108
-107
-105
-103
-106
-101
-65
-57
-62
-64
-70
-84
-76
-78
-80
-84
-91
-107
-105
-115
-116
-125
-127
-127
-120
-124
-129
-128
-127
-126
-127
-131
-129
-127
-134
-127
-130
-127
-123
-132
-127
-129
-125
-123
-122
-123
-131
-118
-121
-116
-118
-117
-116
-122
-111
-119
-110
-112
-109
-104
-108
-104
-102
-100
-102
-98
-90
-95
-76
-75
-67
-67
-63
-51
-42
-49
-45
-51
-41
-48
-46
-41
-46
-40
-57
-46
-42
-52
-42
-44
-42
-34
-40
-41
-37
-37
-45
-39
-35
-37
-43
-48
-46
-53
-39
-38
-40
-48
-43
-46
-46
-43
-33
-37
-48
-46
-48
-47
-54
-50
-41
-41
-38
-50
-46
-38
-44
-39
-31
-44
-46
-49
-50
-56
-64
-55
-53
-50
-54
-55
-62
-59
-63
-62
-49
-66
-77
-81
-85
-85
-81
-85
-86
-83
-87
-84
-95
-91
-94
-94
-96
-91
-93
-92
-99
-93
-101
-99
-97
-98
-99
-98
-103
-101
-102
-102
-106
-99
-98
-102
-99
-102
-100
-103
-95
-99
-102
-101
-98
-100
-99
-100
-100
-97
-99
-99
-99
-99
-96
-96
-100
-102
-103
-102
-104
-103
-105
-102
-104
-107
-105
-109
-110
-107
-109
-110
-113
-111
-114
-116
-109
-114
-118
-115
-119
-112
-113
-116
-118
-116
-118
-114
-122
-122
-123
-120
-123
-129
-124
-122
-125
-121
-118
-124
-121
-118
-119
-119
-119
-122
-116
-118
-122
-115
-116
-118
-120
-121
-112
-117
-116
-115
-112
-117
-114
-111
-113
-116
-114
-114
-116
-114
-114
-117
-111
-113
-110
-111
-110
-112
-115
-108
-108
-109
-109
-108
-112
-108
-104
-107
-105
-104
-104
-102
-105
-105
-104
-107
-102
-97
-100
-101
-100
-101
-100
-100
-100
-97
-102
-98
-98
-96
-96
-98
-95
-102
-96
-97
-91
-90
-95
-92
-93
-97
-93
-101
-98
-94
-94
-94
-98
-97
-95
-95
-94
-99
-95
-97
-94
-93
-95
-94
-93
-89
-91
-97
-90
-89
-87
-88
-85
-86
-85
-86
-87
-81
-84
-81
-81
-86
-80
-84
-86
-94
-89
-89
-85
-91
-86
-86
-89
-90
-85
-87
-86
-85
-87
-84
-89
-90
-92
-84
-85
-83
-87
-84
-80
-83
-82
-84
-80
-80
-74
-74
-75
-78
-75
-73
-66
-69
-68
-61
-62
-59
-64
-66
-60
-64
-63
-53
-52
-37
-63
12
-58
-11
-14
8
-45
-32
-23
9
9
-15
8
-1
12
-9
6
7
0
11
-1
4
-14
-2
-6
-3
-13
-28
-26
-23
-20
-35
-50
-46
-16
6
-2
-11
-12
-26
-8
-23
-25
0
-15
-32
-23
-5
-7
-18
-32
-15
4
-19
-43
-39
7
0
-36
-51
-58
-49
-43
3
2
-30
-50
-11
6
-1
0
1
-24
10
-13
-28
10
9
-10
11
-51
-34
11
4
4
-32
-3
21
-18
12
-24
8
14
15
-23
28
11
-2
4
24
2
-4
9
19
9
23
15
14
37
34
43
29
58
30
16
12
53
9
27
26
26
11
20
25
19
19
18
13
16
13
11
5
8
8
5
4
9
5
11
8
7
7
7
2
5
10
7
9
9
10
10
5
2
3
8
11
8
12
4
10
7
11
12
13
14
13
1
4
6
6
6
8
7
11
10
3
9
11
5
9
9
3
8
11
2
3
6
3
6
8
9
4
9
3
13
6
5
4
7
1
10
10
10
4
4
7
2
2
4
10
9
0
7
10
9
6
12
16
16
14
19
15
16
21
18
25
22
24
27
30
29
28
28
35
29
31
34
35
35
33
33
34
31
36
36
43
39
40
43
43
43
41
45
42
48
61
74
69
56
59
51
59
54
63
65
64
56
67
60
58
65
64
63
61
74
75
78
81
72
76
78
68
68
71
72
67
57
59
57
56
47
43
49
45
45
45
55
56
50
56
54
51
54
59
59
53
49
53
51
50
52
48
52
35
35
33
35
39
56
47
46
40
35
30
41
39
47
52
53
55
64
51
63
63
65
71
69
65
73
70
72
66
71
54
37
32
20
29
39
54
70
74
74
66
79
77
88
105
114
121
122
126
141
132
123
143
151
162
168
173
172
172
175
175
176
176
170
172
171
169
168
166
169
166
169
167
170
162
167
169
167
170
167
170
172
174
170
170
174
174
172
173
176
171
173
174
175
178
178
181
182
177
181
185
181
184
185
184
181
185
183
186
191
191
184
186
188
186
187
184
184
186
188
183
184
189
185
183
182
183
183
178
181
182
184
182
185
183
180
182
184
182
185
188
187
185
188
185
184
190
188
188
188
188
192
190
189
191
188
188
192
192
189
190
193
189
191
188
193
195
189
190
193
193
195
NEW RECORDING
2
2
1
2
0
0
1
0
0
0
0
1
0
0
0
0
1
0
0
0
0
0
0
0
0
0
0
0
0
0
0
0
0
0
1
0
1
0
0
0
0
0
0
0
0
0
0
0
0
0
0
0
0
0
0
0
1
1
1
1
0
1
1
1
1
2
1
2
2
1
2
2
1
2
2
2
2
2
1
2
2
2
2
2
2
2
2
2
2
2
2
2
2
2
2
2
2
2
2
2
2
3
3
2
3
2
3
3
3
3
3
3
2
3
2
3
3
3
3
3
3
3
3
3
5
3
3
3
5
3
3
3
5
3
5
3
3
3
5
3
5
3
3
3
5
5
5
3
5
5
3
5
5
3
5
5
5
5
5
5
5
5
5
4
5
5
5
5
5
5
5
5
5
5
5
4
5
5
5
5
5
5
5
5
5
5
5
5
5
5
5
6
5
5
5
5
5
5
6
5
5
5
5
5
5
5
5
5
5
5
5
5
5
6
6
5
5
5
6
5
6
6
6
6
6
6
6
5
5
6
6
6
6
6
6
6
6
6
6
6
6
7
6
6
6
6
6
6
6
7
7
6
7
7
6
7
7
7
6
7
7
7
7
6
7
6
6
7
6
7
6
7
7
7
6
7
6
9
6
6
6
7
9
6
7
9
7
7
9
7
7
7
6
6
7
7
6
5
6
6
6
7
6
6
6
6
6
7
6
6
7
6
6
6
7
6
5
7
6
9
7
7
6
6
6
6
6
6
6
7
7
6
6
6
7
7
6
6
6
7
7
7
7
6
7
7
6
9
6
7
6
6
9
9
7
7
9
7
7
7
9
9
7
7
9
6
7
9
9
6
9
9
7
9
9
10
7
10
7
9
9
9
9
7
9
7
9
7
10
9
9
10
7
7
10
9
9
9
9
10
9
10
9
10
9
9
11
10
10
10
10
10
9
11
10
11
9
7
10
10
11
10
7
9
11
7
6
10
7
10
10
10
9
7
10
9
10
9
9
9
6
7
6
9
10
7
9
6
9
7
9
6
6
10
7
6
7
7
10
9
9
9
9
9
7
6
9
7
9
6
10
9
6
9
7
9
9
7
9
9
9
10
7
7
9
7
9
9
6
9
7
9
9
7
9
8
9
8
10
7
6
9
10
9
7
7
7
7
7
7
6
6
9
7
9
9
9
7
9
6
9
7
6
6
6
9
9
7
9
6
7
11
9
9
7
9
6
9
9
7
9
9
10
7
7
8
9
6
9
6
9
7
7
7
9
6
9
6
7
9
9
7
7
9
10
10
7
9
9
7
7
7
7
9
9
9
9
9
7
9
9
9
7
9
9
9
7
9
7
9
10
9
9
10
8
8
9
9
9
9
8
9
6
7
9
9
6
7
9
9
10
9
7
6
7
9
11
6
9
7
8
7
7
7
9
8
6
9
9
8
9
9
6
9
7
9
7
7
7
8
9
7
7
9
7
9
9
9
8
9
9
9
11
11
9
9
9
11
9
9
7
11
9
9
9
9
9
9
10
9
9
9
7
12
10
7
9
9
9
10
8
10
10
9
9
11
10
11
9
10
13
13
9
9
8
9
11
9
8
9
9
10
9
10
8
10
9
9
12
11
8
10
9
10
10
9
11
7
8
10
12
8
9
9
10
9
10
9
10
11
9
11
10
11
10
11
11
10
8
13
13
9
10
10
13
10
14
9
9
15
11
10
11
13
10
10
13
11
9
11
15
10
11
10
9
9
14
8
9
10
9
9
10
10
11
13
10
8
11
9
9
11
13
11
13
10
11
10
10
13
8
10
10
10
11
9
11
14
11
11
14
10
13
11
10
10
11
14
13
10
13
15
11
15
11
13
10
9
16
11
15
15
14
11
10
11
8
15
16
19
11
10
11
11
13
16
15
16
16
11
11
15
16
17
16
14
15
18
16
15
10
16
19
15
15
19
18
16
19
15
19
19
19
20
15
20
19
18
20
21
19
14
19
18
NEW RECORDING
-224
-1041
-1220
-1514
-1501
-1444
-1461
-1427
-1352
-1304
-1511
-1421
-1315
-1335
-1369
-1423
-1394
-1392
-1468
-1483
-1491
-1448
-1425
-1307
-1421
-1476
-1410
-1367
-1444
-1443
-1453
-1430
-1439
-1429
-1353
-1343
-1531
-1503
-1568
-1582
-1613
-1702
-1540
-1554
-1611
-1570
-1666
-1586
-1613
-1475
-1532
-1555
-1558
-1614
-1595
-1562
-1642
-1565
-1571
-1537
-1581
-1521
-1498
-1532
-1574
-1653
-1502
-1467
-1508
-1389
-1428
-1524
-1397
-1497
-1512
-1511
-1531
-1525
-1524
-1655
-1568
-1547
-1588
-1595
-1559
-1604
-1544
-1595
-1585
-1630
-1582
-1549
-1542
-1616
-1595
-1604
-1660
-1625
-1522
-1604
-1590
-1610
-1586
-1647
-1595
-1593
-1574
-1606
-1625
-1546
-1595
-1596
-1604
-1619
-1587
-1568
-1612
-1529
-1505
-1554
-1534
-1585
-1659
-1643
-1557
-1614
-1596
-1540
-1519
-1568
-1478
-1625
-1486
-1477
-1536
-1580
-1495
-1626
-1534
-1531
-1505
-1571
-1607
-1540
-1616
-1541
-1517
-1481
-1487
-1566
-1565
-1529
-1487
-1619
-1547
-1504
-1447
-1532
-1465
-1516
-1527
-1440
-1491
-1548
-1483
-1491
-1583
-1510
-1453
-1489
-1469
-1527
-1526
-1522
-1499
-1498
-1543
-1455
-1519
-1490
-1524
-1516
-1516
-1634
-1594
-1584
-1500
-1478
-1454
-1478
-1456
-1485
-1555
-1514
-1446
-1503
-1463
-1533
-1488
-1459
-1478
-1451
-1428
-1462
-1449
-1499
-1396
-1468
-1498
-1444
-1449
-1420
-1465
-1472
-1580
-1480
-1500
-1507
-1561
-1382
-1442
-1399
-1491
-1448
-1587
-1453
-1462
-1447
-1450
-1444
-1453
-1441
-1476
-1469
-1448
-1375
-1484
-1554
-1559
-1519
-1605
-1624
-1580
-1662
-1568
-1529
-1555
-1428
-1458
-1428
-1454
-1450
-1601
-1585
-1569
-1567
-1602
-1626
-1612
-1601
-1631
-1635
-1698
-1602
-1569
-1594
-1545
-1576
-1711
-1631
-1766
-1677
-1631
-1582
-1566
-1592
-1594
-1586
-1637
-1605
-1584
-1588
-1643
-1562
-1522
-1554
-1473
-1580
-1624
-1748
-1630
-1669
-1562
-1668
-1716
-1618
-1704
-1675
-1739
-1560
-1518
-1614
-1593
-1637
-1698
-1615
-1619
-1596
-1552
-1732
-1670
-1611
-1650
-1414
-1473
-1378
-1459
-1318
-1384
-1370
-1384
-1364
-1405
-1345
-1294
-1344
-1347
-1415
-1429
-1437
-1481
-1448
-1514
-1546
-1519
-1495
-1529
-1378
-1500
-1296
-1331
-1433
-1301
-1358
-1322
-1360
-1406
-1500
-1463
-1445
-1437
-1417
-1346
-1347
-1384
-1394
-1354
-1375
-1377
-1359
-1345
-1465
-1347
-1403
-1378
-1417
-1409
-1420
-1353
-1391
-1433
-1389
-1325
-1290
-1215
-1377
-1180
-1256
-1192
-1117
-1374
-1378
-1234
-1362
-1404
-1278
-1194
-1031
-1031
-1208
-1249
-1352
-1131
-1086
-1080
-1243
-1091
-1073
-1237
-1194
-1214
-1005
-1064
-1110
-1044
-1150
-1267
-963
-1064
-1121
-1041
-1086
-1100
-1144
-1082
-1025
-1079
-1042
-1066
-1034
-1215
-1256
-1075
-1156
-1237
-1267
-1186
-1143
-1123
-1065
-1205
-1127
-1172
-1117
-1196
-1120
-1176
-1098
-972
-960
-1126
-1248
-1175
-1160
-1118
-1121
-1174
-1128
-1303
-1294
-1264
-1367
-1294
-1181
-1180
-838
-730
-599
-666
-584
-776
-742
-654
-561
-590
-591
-697
-609
-706
-692
-718
-672
-605
-476
-457
-441
-492
-626
-573
-583
-615
-582
-588
-558
-656
-599
-652
-591
-635
-679
-664
-642
-645
-654
-652
-670
-676
-705
-745
-739
-773
-739
-817
-839
-894
-867
-888
-887
-880
-941
-913
-784
-808
-851
-787
-832
-802
-812
-832
-834
-809
-785
-762
-830
-852
-824
-826
-883
-838
-848
-853
-916
-888
-845
-798
-813
-826
-803
-810
-797
-803
-891
-912
-855
-885
-898
-915
-910
-929
-931
-907
-900
-903
-946
-872
-919
-967
-943
-952
-984
-993
-976
-985
-945
-945
-902
-969
-967
-986
-1036
-982
-966
-969
-957
-986
-1018
-963
-972
-939
-928
-916
-951
-928
-915
-898
-969
-883
-915
-917
-932
-931
-955
-938
-952
-915
-926
-949
-974
-991
-953
-1009
-962
-944
-989
-979
-991
-954
-949
-970
-920
-987
-950
-953
-975
-967
-990
-982
-996
-1044
-1030
-992
-966
-959
-970
-980
-1022
-1006
-1030
-954
-998
-959
-979
-978
-1034
-1023
-1029
-1026
-1034
-995
-986
-1000
-965
-993
-991
-993
-973
-1007
-1020
-1038
-995
-1017
-1032
-1055
-1055
-1070
-1052
-1036
-1088
-1100
-1017
-1014
-1024
-981
-980
-1000
-1030
-1001
-1011
-979
-948
-986
-1011
-1041
-1037
-1067
-1063
-1021
-1062
-1021
-1071
-1100
-1103
-1127
-1053
-1060
-1065
-1046
-1007
-1059
-1062
-1086
-1052
-1090
-1040
-1024
-1080
-1045
-1004
-1009
-1000
-1032
-1011
-1009
-1029
-1070
-1080
-1088
-1123
-1084
-1101
-1113
-1108
-1140
-1117
-1109
-1092
-1071
-1129
-1103
-1083
-1103
-1135
-1104
-1088
-1088
-1074
-1082
-1114
-1087
-1083
-1180
-1115
-1142
-1243
-1218
-1192
-1173
-1159
-1149
-1207
-1209
-1230
-1181
-1165
-1157
-1193
-1191
-1166
-1142
-1151
-1148
-1105
-1165
-1098
-1128
-1110
-1099
-1133
-1113
-1147
-1100
-1071
-1097
-1098
-1112
-1118
-1098
-1137
-1158
-1067
-1091
-1053
-1057
-1101
-1092
-1076
-1084
-1075
-1052
-1050
-1049
-1037
-1061
-1078
-1073
-1025
-1037
-1050
-1041
-1097
-1073
-1015
-1076
-1109
-1107
-1113
-1095
-1108
-1141
-1113
-1119
-1108
-1145
-1174
-1183
-1162
-1142
-1124
-1114
-1138
-1130
-1100
-1114
-1105
-1087
-1051
-1118
-1053
-1115
-1058
-1051
-1096
-1062
-1089
-1165
-1099
-1080
-1111
-1151
-1090
-1110
-1063
-1065
-1091
-1085
-1129
-1105
-1093
-1079
-1048
-1046
-1086
-1084
-1089
-1085
-1094
-1085
-1154
-1120
-1141
-1100
-1106
-1116
-1154
-1133
-1067
-1072
-1091
-1122
-1154
-1167
-1069
-1120
-1094
-1092
-1117
-1104
-1125
-1109
-1063
-1094
-1075
-1095
-1055
-1089
-1059
-1024
-1117
-1094
-1043
-1068
-1096
-1153
-1107
NEW RECORDING
3
2
2
2
2
2
2
2
2
2
1
1
1
1
1
1
1
1
1
1
1
1
1
1
1
1
1
1
1
1
1
1
1
1
1
1
1
1
1
1
1
1
1
1
1
1
1
1
1
1
1
1
1
1
1
1
1
1
1
1
1
1
1
1
1
1
1
1
1
1
1
1
1
1
1
1
1
1
1
1
1
1
1
1
1
1
1
1
1
1
1
1
1
1
1
1
1
1
1
1
1
1
1
1
1
1
1
1
1
1
1
1
1
1
1
1
1
1
1
1
1
1
1
1
1
1
1
1
1
1
1
1
1
1
1
1
1
1
1
1
1
1
1
1
1
1
1
1
2
2
2
2
2
2
2
1
2
2
2
2
1
2
2
2
1
1
1
1
1
1
1
1
1
1
1
1
1
1
1
1
1
1
1
1
1
1
1
1
1
1
1
1
1
1
1
1
1
1
1
1
1
1
1
1
1
1
1
1
1
1
1
1
1
1
1
1
1
1
1
1
1
1
1
1
1
1
1
1
1
1
1
1
1
1
1
1
1
1
1
1
1
1
1
1
1
1
1
1
1
1
1
1
1
1
1
1
1
1
1
1
1
1
1
1
1
1
1
1
1
1
1
1
1
1
1
1
1
1
1
1
1
1
1
1
1
1
1
1
1
1
1
1
1
1
1
1
1
1
1
1
1
1
1
1
1
1
1
1
1
1
1
1
1
1
1
1
1
1
1
1
1
1
1
1
1
1
1
1
1
1
1
1
1
1
1
1
1
1
1
1
1
1
1
1
1
1
1
1
1
1
1
1
1
1
1
1
1
1
1
1
1
1
1
2
2
2
2
2
2
2
2
2
2
2
2
2
2
2
2
2
2
2
2
2
2
2
2
2
2
2
2
2
2
2
2
2
2
2
2
2
2
2
2
2
2
2
2
2
2
2
2
2
2
2
2
2
2
2
2
2
2
2
2
2
2
2
2
2
2
2
2
2
2
2
2
2
2
2
2
2
2
2
2
2
2
2
2
2
2
2
2
2
2
2
2
2
2
2
2
2
2
2
2
2
2
2
2
2
2
2
2
2
2
2
2
2
2
2
2
2
2
2
2
2
2
2
2
2
2
2
2
2
2
2
2
2
2
2
2
2
2
2
2
2
2
2
2
2
2
2
2
2
2
2
2
2
2
2
2
2
2
2
2
2
2
2
2
2
3
2
2
2
2
2
2
2
2
4
2
4
2
2
4
2
4
2
4
4
4
4
4
4
4
4
4
4
4
4
4
4
4
4
4
4
4
4
4
4
4
4
4
4
4
4
4
4
4
4
4
4
4
4
4
4
4
4
4
4
4
4
4
4
4
4
4
4
4
4
4
4
4
4
4
4
4
4
4
4
4
4
4
4
4
4
4
4
4
4
4
4
4
4
4
4
4
4
4
4
4
4
4
4
4
4
4
4
4
4
4
5
4
4
4
4
4
4
5
4
4
4
4
4
4
4
5
4
5
4
4
4
4
4
4
4
4
4
4
4
4
4
4
4
4
4
4
4
4
4
5
4
4
4
4
4
4
4
4
4
4
5
4
4
5
4
4
4
4
4
4
4
4
4
4
4
4
4
4
4
4
4
4
4
4
4
4
4
4
4
4
4
4
4
4
4
5
4
4
4
4
5
4
5
4
4
5
4
4
4
4
5
5
5
5
5
4
4
5
5
5
5
5
5
5
5
5
5
5
5
5
5
5
5
5
5
5
5
5
5
5
5
5
5
5
5
5
5
5
5
5
5
5
5
5
5
5
5
5
5
5
5
5
5
5
5
5
5
5
5
5
5
5
5
4
5
5
5
5
5
5
5
NEW RECORDING
-5
-3
-3
-3
-3
-3
-3
-3
-3
-3
-2
-3
-3
-2
-2
-3
-2
-2
-3
-3
-2
-2
-3
-2
-2
-2
-2
-3
-2
-2
-2
-2
-2
-2
-2
-3
-3
-2
-2
-2
-2
-2
-2
-2
-2
-2
-2
-2
-2
-2
-2
-2
-2
-2
-2
-2
-2
-2
-2
-2
-2
-2
-2
-2
-2
-2
-2
-2
-2
-2
-1
-2
-1
-1
-1
-1
-2
-2
-2
-2
-1
-2
-1
-2
-1
-2
-1
-1
-2
-2
-2
-1
-1
-1
-2
-2
-1
-1
-1
-2
-2
-1
-2
-2
-2
-1
-2
-2
-2
-1
-1
-2
-1
-1
-1
-1
-1
-1
-1
-1
-1
-1
-1
-1
-1
-1
-1
-1
-1
-1
-1
-1
-1
-1
-1
-1
-1
-1
-1
-1
-1
-1
-1
-1
-1
-1
-1
-1
-1
-1
-1
-1
-1
-1
-1
-1
-1
-1
-1
-1
-1
-1
-1
-1
-1
-1
-1
-1
-1
-1
-1
-1
-1
-1
-1
-1
-1
-1
-1
-1
-1
-1
-1
-1
-1
-1
-1
-1
-1
-1
-1
-1
-1
-1
-1
-1
-1
-1
-1
-1
-1
-1
-1
-1
-1
-1
-1
-1
-1
-1
-1
-1
-1
-1
-1
-1
-1
-1
-1
-1
-1
-1
-1
-1
-1
-1
-1
-1
-1
-1
-1
-1
-1
-1
-1
-1
-1
-1
-1
-1
-1
-1
-1
-1
-1
-1
-1
-1
-1
-1
-1
-1
-1
-1
-1
-1
-1
-1
-1
-1
-1
-1
-1
-1
-1
-1
-1
-1
-1
-1
-1
-1
-1
-1
-1
-1
-1
-1
-1
-1
-1
-1
-1
-1
-1
-1
-1
-1
-1
-1
-1
-1
-1
-1
-1
-1
-1
-1
-1
-1
-1
-1
-1
-1
-1
-1
-1
-1
-1
-1
-1
-1
-1
-1
-1
-1
-1
-1
-1
-1
-1
-1
-1
-1
-1
-1
-1
-1
-1
-1
-1
-1
-1
-1
-1
-1
-1
-1
-1
-1
-1
-1
-1
-1
-1
-1
-1
-1
-1
-1
-1
-1
-1
-1
-1
-1
-1
-1
-1
-1
-1
-1
-1
-1
-1
-1
-1
-1
-1
-1
-1
-1
-1
-1
-1
-1
-1
-1
-1
-1
-1
-1
-1
-1
-1
-1
-1
-1
-1
-1
-1
-1
-1
-1
-1
-1
-1
-1
-1
-2
-2
-2
-2
-2
-1
-1
-1
-1
-1
-2
-1
-2
-1
-1
-1
-1
-1
-1
-1
-1
-1
-1
-2
-1
-1
-2
-1
-1
-1
-1
-1
-1
-1
-1
-1
-1
-1
-1
-1
-1
-1
-1
-1
-1
-1
-1
-1
-1
-1
-1
-1
-1
-1
-1
-1
-1
-1
-1
-1
-1
-1
-1
-1
-1
-1
-2
-1
-1
-1
-1
-1
-1
-1
-1
-2
-1
-1
-1
-1
-1
-1
-1
-1
-1
-1
-1
-1
-1
-2
-1
-1
-2
-1
-1
-1
-1
-1
-1
-1
-1
-2
-2
-2
-2
-2
-2
-2
-2
-2
-3
-2
-2
-2
-2
-2
-2
-2
-2
-2
-1
-2
-2
-1
-2
-2
-2
-1
-2
-1
-1
-2
-2
-1
-1
-2
-1
-1
-1
-1
-1
-1
-1
-1
-1
-1
-1
-2
-1
-1
-1
-2
-2
-2
-1
-2
-2
-2
-1
-1
-1
-2
-2
-2
-2
-1
-2
-1
-1
-1
-1
-1
-1
-1
-2
-1
-1
-1
-1
-1
-2
-1
-2
-1
-1
-2
-2
-2
-2
-1
-2
-1
-2
-2
-1
-2
-1
-2
-1
-1
-1
-2
-2
-3
-2
-2
-2
-1
-1
-2
-1
-1
-2
-1
-1
-1
-3
-2
-2
-3
-2
-2
-2
-2
-2
-2
-2
-2
-2
-2
-2
-2
-2
-2
-2
-2
-3
-2
-2
-3
-2
-3
-2
-2
-2
-1
-2
-2
-2
-2
-3
-2
-2
-2
-2
-1
-2
-2
-2
-2
-2
-2
-2
-3
-3
-2
-2
-2
-3
-3
-2
-2
-3
-3
-2
-2
-3
-2
-2
-2
-2
-2
-2
-2
-2
-2
-2
-2
-2
-2
-2
-3
-2
-2
-2
-2
-2
-2
-2
-2
-2
-2
-2
-2
-2
-2
-2
-1
-2
-1
-1
-1
-2
-1
-2
-1
-1
-1
-1
-1
-1
-1
-1
-1
-1
-1
-1
-1
-1
-1
-1
-1
-1
-1
-1
-1
-1
-1
-1
-1
-1
-1
-1
-1
-1
-1
-1
-1
-1
-1
-1
-1
-1
-1
-1
-1
-1
-1
-1
-1
-1
-1
-1
-1
-1
-1
-1
-1
-1
-1
-1
-1
-1
-1
-1
-1
-1
-1
-1
-1
-1
-1
-1
-1
-1
-1
-1
-1
-1
-1
-1
-1
-1
-1
-1
-1
-1
-1
-1
-1
-1
-1
-1
-1
-1
-1
-1
-1
-1
-1
-1
-1
-1
-1
-1
-1
-1
-1
-1
-1
-1
-1
-1
-1
-1
-1
-1
-1
-1
-1
-1
-1
-1
-1
-1
-1
-1
-1
-1
-1
-1
-1
-1
-1
-1
-1
-1
-1
-1
-1
-1
NEW RECORDING
-1
-69
-72
-65
-67
-63
-62
-59
-59
-58
-58
-58
-57
-57
-56
-48
-54
-52
-52
-48
-32
-24
-2
-1
0
0
0
0
0
0
0
0
0
0
0
0
0
-1
-1
-1
-1
-1
-1
-1
-1
-1
-1
-1
-1
-1
-1
-1
-1
-1
-1
-2
-2
-2
-2
-2
-2
-2
-2
-2
-2
-3
-2
-2
-2
-2
-2
-2
-2
-2
-2
-2
-2
-2
-2
-2
-2
-2
-2
-2
-2
-2
-2
-2
-2
-2
-2
-2
-2
-2
-2
-1
-1
-2
-1
-2
-2
-2
-2
-2
-2
-2
-2
-2
-2
-2
-2
-2
-2
-2
-2
-2
-2
-2
-2
-2
-2
-2
-2
-2
-2
-2
-1
-1
-1
-1
-1
-1
-1
-1
-1
-1
-1
-1
-1
-1
-1
-1
-1
-1
-1
-1
-1
-1
-1
-1
-1
-1
-1
-1
-1
-1
-1
-1
-1
-1
-1
-1
-1
0
-1
-1
-1
-1
-1
-1
-1
-1
-1
-1
-1
-1
-1
-1
-1
-1
0
-1
-1
-1
-1
-1
-1
-1
-1
0
-1
-1
0
0
-1
-1
-1
-1
-1
0
0
-1
0
0
0
-1
0
0
0
0
0
0
0
0
0
0
0
0
0
0
0
0
0
0
0
0
0
0
0
0
0
0
0
0
0
0
0
0
0
0
0
0
0
0
1
0
0
0
1
0
0
0
0
0
0
0
0
0
0
0
0
0
0
0
0
0
0
0
0
0
0
0
0
0
0
0
0
0
0
0
0
-1
0
0
0
0
0
0
0
0
0
0
0
0
0
0
1
0
0
1
0
0
0
0
0
0
0
0
0
29
23
31
30
33
39
39
41
41
41
41
43
44
43
43
43
43
43
44
44
43
43
44
44
45
46
50
50
50
51
50
51
52
52
54
53
53
53
54
53
54
53
53
52
54
52
52
52
53
53
54
54
53
52
53
52
52
52
52
51
51
52
52
52
52
51
53
51
52
51
51
53
51
51
51
51
51
51
53
53
52
50
50
50
50
50
50
50
50
52
53
52
52
52
52
52
51
54
52
52
53
52
52
51
51
53
54
53
52
52
51
51
52
52
52
52
51
54
52
53
52
53
56
55
54
54
54
56
55
57
56
55
55
56
56
55
56
55
58
59
56
56
57
55
56
55
55
57
55
55
55
54
56
57
57
60
58
57
59
58
59
59
59
59
59
60
60
61
62
62
60
60
61
60
60
62
60
60
61
61
60
61
60
60
61
59
59
60
59
60
59
59
59
59
60
61
59
59
60
60
60
60
62
61
62
63
61
61
61
63
61
61
61
61
61
61
64
64
63
61
61
61
61
62
62
61
62
60
61
60
60
60
60
61
60
61
61
61
61
61
62
62
63
63
65
65
65
64
63
63
63
64
64
63
63
64
63
64
66
64
64
63
64
65
64
63
66
65
63
64
65
66
67
66
66
66
66
66
68
68
67
67
66
69
66
66
65
65
64
64
63
64
63
63
62
63
62
62
62
62
64
62
64
61
61
62
61
64
62
62
61
62
63
61
61
62
61
61
60
60
60
60
61
62
61
61
61
61
61
63
62
62
62
61
61
61
62
62
62
62
61
62
61
61
61
63
64
64
64
63
64
63
63
63
62
62
63
63
64
64
63
63
63
62
62
63
64
62
63
63
63
64
65
64
62
63
63
64
63
63
62
62
62
63
62
62
64
64
64
64
64
63
63
62
62
63
62
64
65
64
63
63
63
62
63
63
62
63
62
63
63
66
65
65
64
64
64
63
63
63
63
63
63
63
63
62
62
62
62
63
63
63
63
63
61
61
61
61
61
60
60
60
60
61
60
63
62
61
61
62
60
60
61
60
60
60
60
60
60
60
60
60
61
60
60
60
61
60
59
60
58
58
58
60
60
61
62
62
60
61
63
62
61
61
60
60
59
59
59
60
60
59
60
60
58
58
60
59
60
NEW RECORDING
-1928
-2048
-2048
-2048
-2048
-2048
-2048
-2048
-2048
-2048
-2048
-2048
-2048
-2048
-2048
-2048
-2048
-2048
-2048
-2048
-2048
-2048
-2048
-2048
-2048
-2048
-2048
-2048
-2048
-2048
-2048
-2048
-2048
-2048
-2048
-2048
-2048
-2048
-2048
-2048
-2048
-2048
-2048
-2048
-2048
-2048
-2048
-2048
-2048
-2048
-2048
-2048
-2048
-2048
-2048
-2048
-2048
-2048
-2048
-2048
-2048
-2048
-2048
-2048
-2048
-2048
-2048
-2048
-2048
-2048
-2048
-2048
-2048
-2048
-2048
-2048
-2048
-2048
-2048
-2048
-2048
-2048
-2048
-2048
-2048
-2048
-2048
-2048
-2048
-2048
-2048
-2048
-2048
-2048
-2048
-2048
-2048
-2048
-2048
-2048
-2048
-2048
-2048
-2048
-2048
-2048
-2048
-2048
-2048
-2048
-2048
-2048
-2048
-2048
-2048
-2048
-2048
-2048
-2048
-2048
-2048
-2048
-2048
-2048
-2048
-2048
-2048
-2048
-2048
-2048
-2048
-2048
-2048
-2048
-2048
-2048
-2048
-2048
-2048
-2048
-2048
-2048
-2048
-2048
-2048
-2048
-2048
-2048
-2048
-2048
-2048
-2048
-2048
-2048
-2048
-2048
-2048
-2048
-2048
-2048
-2048
-2048
-2048
-2048
-2048
-2048
-2048
-2048
-2048
-2048
-2048
-2048
-2048
-2048
-2048
-2048
-2048
-2048
-2048
-2048
-2048
-2048
-2048
-2048
-2048
-2048
-2048
-2048
-2048
-2048
-2048
-2048
-2048
-2048
-2048
-2048
-2048
-2048
-2048
-2048
-2048
-2048
-2048
-2048
-2048
-2048
-2048
-2048
-2048
-2048
-2048
-2048
-2048
-2048
-2048
-2048
-2048
-2048
-2048
-2048
-2048
-2048
-2048
-2048
-2048
-2048
-2048
-2048
-2048
-2048
-2048
-2048
-2048
-2048
-2048
-2048
-2048
-2048
-2048
-2048
-2048
-2048
-2048
-2048
-2048
-2048
-2048
-2048
-2048
-2048
-2048
-2048
-2048
-2048
-2048
-2048
-2048
-2048
-2048
-2048
-2048
-2048
-2048
-2048
-2048
-2048
-2048
-2048
-2048
-2048
-2048
-2048
-2048
-2048
-2048
-2048
-2048
-2048
-2048
-2048
-2048
-2048
-2048
-2048
-2048
-2048
-2048
-2048
-2048
-2048
-2048
-2048
-2048
-2048
-2048
-2048
-2048
-2048
-2048
-2048
-2048
-2048
-2048
-2048
-2048
-2048
-2048
-2048
-2048
-2048
-2048
-2048
-2048
-2048
-2048
-2048
-2048
-2048
-2048
-2048
-2048
-2048
-2048
-2048
-2048
-2048
-2048
-2048
-2048
-2048
-2048
-2048
-2048
-2048
-2048
-2048
-2048
-2048
-2048
-2048
-2048
-2048
-2048
-2048
-2048
-2048
-2048
-2048
-2048
-2048
-2048
-2048
-2048
-2048
-2048
-2048
-2048
-2048
-2048
-2048
-2048
-2048
-2048
-2048
-2048
-2048
-2048
-2048
-2048
-2048
-2048
-2048
-2048
-2048
-2048
-2048
-2048
-2048
-2048
-2048
-2048
-2048
-2048
-2048
-2048
-2048
-2048
-2048
-2048
-2048
-2048
-2048
-2048
-2048
-2048
-2048
-2048
-2048
-2048
-2048
-2048
-2048
-2048
-2048
-2048
-2048
-2048
-2048
-2048
-2048
-2048
-2048
-2048
-2048
-2048
-2048
-2048
-2048
-2048
-2048
-2048
-2048
-2048
-2048
-2048
-2048
-2048
-2048
-2048
-2048
-2048
-2048
-2048
-2048
-2048
-2048
-2048
-2048
-2048
-2048
-2048
-2048
-2048
-2048
-2048
-2048
-2048
-2048
-2048
-2048
-2048
-2048
-2048
-2048
-2048
-2048
-2048
-2048
-2048
-2048
-2048
-2048
-2048
-2048
-2048
-2048
-2048
-2048
-2048
-2048
-2048
-2048
-2048
-2048
-2048
-2048
-2048
-2048
-2048
-2048
-2048
-2048
-2048
-2048
-2048
-2048
-2048
-2048
-2048
-2048
-2048
-2048
-2048
-2048
-2048
-2048
-2048
-2048
-2048
-2048
-2048
-2048
-2048
-2048
-2048
-2048
-2048
-2048
-2048
-2048
-2048
-2048
-2048
-2048
-2048
-2048
-2048
-2048
-2048
-2048
-2048
-2048
-2048
-2048
-2048
-2048
-2048
-2048
-2048
-2048
-2048
-2048
-2048
-2048
-2048
-2048
-2048
-2048
-2048
-2048
-2048
-2048
-2048
-2048
-2048
-2048
-2048
-2048
-2048
-2048
-2048
-2048
-2048
-2048
-2048
-2048
-2048
-2048
-2048
-2048
-2048
-2048
-2048
-2048
-2048
-2048
-2048
-2048
-2048
-2048
-2048
-2048
-2048
-2048
-2048
-2048
-2048
-2048
-2048
-2048
-2048
-2048
-2048
-2048
-2048
-2048
-2048
-2048
-2048
-2048
-2048
-2048
-2048
-2048
-2048
-2048
-2048
-2048
-2048
-2048
-2048
-2048
-2048
-2048
-2048
-2048
-2048
-2048
-2048
-2048
-2048
-2048
-2048
-2048
-2048
-2048
-2048
-2048
-2048
-2048
-2048
-2048
-2048
-2048
-2048
-2048
-2048
-2048
-2048
-2048
-2048
-2048
-2048
-2048
-2048
-2048
-2048
-2048
-2048
-2048
-2048
-2048
-2048
-2048
-2048
-2048
-2048
-2048
-2048
-2048
-2048
-2048
-2048
-2048
-2048
-2048
-2048
-2048
-2048
-2048
-2048
-2048
-2048
-2048
-2048
-2048
-2048
-2048
-2048
-2048
-2048
-2048
-2048
-2048
-2048
-2048
-2048
-2048
-2048
-2048
-2048
-2048
-2048
-2048
-2048
-2048
-2048
-2048
-2048
-2048
-2048
-2048
-2048
-2048
-2048
-2048
-2048
-2048
-2048
-2048
-2048
-2048
-2048
-2048
-2048
-2048
-2048
-2048
-2048
-2048
-2048
-2048
-2048
-2048
-2048
-2048
-2048
-2048
-2048
-2048
-2048
-2048
-2048
-2048
-2048
-2048
-2048
-2048
-2048
-2048
-2048
-2048
-2048
-2048
-2048
-2048
-2048
-2048
-2048
-2048
-2048
-2048
-2048
-2048
-2048
-2048
-2048
-2048
-2048
-2048
-2048
-2048
-2048
-2048
-2048
-2048
-2048
-2048
-2048
-2048
-2048
-2048
-2048
-2048
-2048
-2048
-2048
-2048
-2048
-2048
-2048
-2048
-2048
-2048
-2048
-2048
-2048
-2048
-2048
-2048
-2048
-2048
-2048
-2048
-2048
-2048
-2048
-2048
-2048
-2048
-2048
-2048
-2048
-2048
-2048
-2048
-2048
-2048
-2048
-2048
-2048
-2048
-2048
-2048
-2048
-2048
-2048
-2048
-2048
