1, 0.;
2, 0.0375;
3, 0.07;
4, 0.100875;
5, 0.130206;
6, 0.158071;
7, 0.181417;
8, 0.203597;
9, 0.224667;
10, 0.244683;
11, 0.263699;
12, 0.281764;
13, 0.295801;
14, 0.309136;
15, 0.321804;
16, 0.333839;
17, 0.345272;
18, 0.356133;
19, 0.366452;
20, 0.373129;
21, 0.379473;
22, 0.385499;
23, 0.391224;
24, 0.396663;
25, 0.40183;
26, 0.406738;
27, 0.408276;
28, 0.409738;
29, 0.411126;
30, 0.412444;
31, 0.413697;
32, 0.414887;
33, 0.416018;
34, 0.417092;
35, 0.414987;
36, 0.412988;
37, 0.411089;
38, 0.409284;
39, 0.40757;
40, 0.405942;
41, 0.404394;
42, 0.3998;
43, 0.395435;
44, 0.391288;
45, 0.387349;
46, 0.383606;
47, 0.380051;
48, 0.376673;
49, 0.373465;
50, 0.370416;
51, 0.367521;
52, 0.36477;
53, 0.359031;
54, 0.35358;
55, 0.348401;
56, 0.343481;
57, 0.338807;
58, 0.334366;
59, 0.330148;
60, 0.32614;
61, 0.322333;
62, 0.318717;
63, 0.315281;
64, 0.308892;
65, 0.302822;
66, 0.297056;
67, 0.291578;
68, 0.286374;
69, 0.281431;
70, 0.276734;
71, 0.272272;
72, 0.264909;
73, 0.257913;
74, 0.251268;
75, 0.244954;
76, 0.238957;
77, 0.233259;
78, 0.227846;
79, 0.222704;
80, 0.217818;
81, 0.213177;
82, 0.208769;
83, 0.20458;
84, 0.200601;
85, 0.193696;
86, 0.187136;
87, 0.180904;
88, 0.174984;
89, 0.16936;
90, 0.164017;
91, 0.158941;
92, 0.154119;
93, 0.149538;
94, 0.145186;
95, 0.141052;
96, 0.137124;
97, 0.133393;
98, 0.129848;
99, 0.126481;
100, 0.120157;
101, 0.114149;
102, 0.108442;
103, 0.10302;
104, 0.097869;
105, 0.092975;
106, 0.088326;
107, 0.08391;
108, 0.079715;
109, 0.075729;
110, 0.071942;
111, 0.068345;
112, 0.064928;
113, 0.061682;
114, 0.058598;
115, 0.055668;
116, 0.052884;
117, 0.05024;
118, 0.047728;
119, 0.045342;
120, 0.043075;
121, 0.040921;
122, 0.038875;
123, 0.036931;
124, 0.035085;
125, 0.03333;
126, 0.031664;
127, 0.030081;
128, 0.028577;
129, 0.027148;
130, 0.02579;
131, 0.024501;
132, 0.023276;
133, 0.022112;
134, 0.021006;
135, 0.019956;
136, 0.018958;
137, 0.01801;
138, 0.020235;
139, 0.022348;
140, 0.024356;
141, 0.026263;
142, 0.028075;
143, 0.029796;
144, 0.031431;
145, 0.032985;
146, 0.03446;
147, 0.035862;
148, 0.037194;
149, 0.03846;
150, 0.039662;
151, 0.040804;
152, 0.045013;
153, 0.049013;
154, 0.052812;
155, 0.056421;
156, 0.05985;
157, 0.063108;
158, 0.066202;
159, 0.069142;
160, 0.07506;
161, 0.080682;
162, 0.086023;
163, 0.091097;
164, 0.095917;
165, 0.100496;
166, 0.104846;
167, 0.112104;
168, 0.115874;
169, 0.12258;
170, 0.128951;
171, 0.135004;
172, 0.140753;
173, 0.146216;
174, 0.151405;
175, 0.15946;
176, 0.167112;
177, 0.174381;
178, 0.181287;
179, 0.187848;
180, 0.19408;
181, 0.200001;
182, 0.205626;
183, 0.214095;
184, 0.22214;
185, 0.229783;
186, 0.237044;
187, 0.243942;
188, 0.250495;
189, 0.25672;
190, 0.262634;
191, 0.271377;
192, 0.279683;
193, 0.287574;
194, 0.295071;
195, 0.302192;
196, 0.308957;
197, 0.315385;
198, 0.32149;
199, 0.327291;
200, 0.332801;
201, 0.338036;
202, 0.343009;
203, 0.347734;
204, 0.352222;
205, 0.356486;
206, 0.363662;
207, 0.370479;
208, 0.376955;
209, 0.383107;
210, 0.388952;
211, 0.394504;
212, 0.399779;
213, 0.40479;
214, 0.40955;
215, 0.414073;
216, 0.418369;
217, 0.422451;
218, 0.426328;
219, 0.430012;
220, 0.433511;
221, 0.439961;
222, 0.446088;
223, 0.451908;
224, 0.457438;
225, 0.465816;
226, 0.473775;
227, 0.481336;
228, 0.48852;
229, 0.495344;
230, 0.504951;
231, 0.514079;
232, 0.52275;
233, 0.530987;
234, 0.538813;
235, 0.546247;
236, 0.556435;
237, 0.566113;
238, 0.575308;
239, 0.584042;
240, 0.59234;
241, 0.600223;
242, 0.607712;
243, 0.614826;
244, 0.621585;
245, 0.631131;
246, 0.640199;
247, 0.648814;
248, 0.656999;
249, 0.664774;
250, 0.67216;
251, 0.679177;
252, 0.685843;
253, 0.692176;
254, 0.698192;
255, 0.703908;
256, 0.712462;
257, 0.720589;
258, 0.72831;
259, 0.735644;
260, 0.742612;
261, 0.749231;
262, 0.75552;
263, 0.761494;
264, 0.767169;
265, 0.772561;
266, 0.777683;
267, 0.782548;
268, 0.787171;
269, 0.791562;
270, 0.795734;
271, 0.799698;
272, 0.803463;
273, 0.80704;
274, 0.810438;
275, 0.813666;
276, 0.816732;
277, 0.819646;
278, 0.822414;
279, 0.825043;
280, 0.827541;
281, 0.829914;
282, 0.832168;
283, 0.83431;
284, 0.836344;
285, 0.838277;
286, 0.840113;
287, 0.841857;
288, 0.843515;
289, 0.845089;
290, 0.846584;
291, 0.848005;
292, 0.849355;
293, 0.853762;
294, 0.854824;
295, 0.858958;
296, 0.862885;
297, 0.866616;
298, 0.87016;
299, 0.873527;
300, 0.876726;
301, 0.879764;
302, 0.882651;
303, 0.885394;
304, 0.887999;
305, 0.890474;
306, 0.892825;
307, 0.895059;
308, 0.900306;
309, 0.905291;
310, 0.910026;
311, 0.914525;
312, 0.918799;
313, 0.922859;
314, 0.926716;
315, 0.93038;
316, 0.933861;
317, 0.937168;
318, 0.94031;
319, 0.943294;
320, 0.943004;
321, 0.945854;
322, 0.945436;
323, 0.94504;
324, 0.944663;
325, 0.944304;
326, 0.943964;
327, 0.943641;
328, 0.943334;
329, 0.943042;
330, 0.942765;
331, 0.942502;
332, 0.942252;
333, 0.942014;
334, 0.941789;
335, 0.941574;
336, 0.94137;
337, 0.941177;
338, 0.940993;
339, 0.940818;
340, 0.940652;
341, 0.940495;
342, 0.940345;
343, 0.940203;
344, 0.940068;
345, 0.939939;
346, 0.939817;
347, 0.939701;
348, 0.939591;
349, 0.939487;
350, 0.939388;
351, 0.939293;
352, 0.939203;
353, 0.939118;
354, 0.939037;
355, 0.93896;
356, 0.938887;
357, 0.938818;
358, 0.938752;
359, 0.93869;
360, 0.93863;
361, 0.938574;
362, 0.93852;
363, 0.938469;
364, 0.93842;
365, 0.938374;
366, 0.938331;
367, 0.938289;
368, 0.935125;
369, 0.935243;
370, 0.932231;
371, 0.92937;
372, 0.926651;
373, 0.924069;
374, 0.921615;
375, 0.919285;
376, 0.91707;
377, 0.914967;
378, 0.912968;
379, 0.91107;
380, 0.909267;
381, 0.907553;
382, 0.905926;
383, 0.904379;
384, 0.90291;
385, 0.901515;
386, 0.897064;
387, 0.895961;
388, 0.894913;
389, 0.890792;
390, 0.886878;
391, 0.886284;
392, 0.882594;
393, 0.882215;
394, 0.881854;
395, 0.881511;
396, 0.881186;
397, 0.880876;
398, 0.880583;
399, 0.880304;
400, 0.880038;
401, 0.879786;
402, 0.879547;
403, 0.876195;
404, 0.87301;
405, 0.869985;
406, 0.86711;
407, 0.86438;
408, 0.861786;
409, 0.859321;
410, 0.85698;
411, 0.854756;
412, 0.852644;
413, 0.850636;
414, 0.84873;
415, 0.846918;
416, 0.845197;
417, 0.843562;
418, 0.842009;
419, 0.840534;
420, 0.839132;
421, 0.8378;
422, 0.836535;
423, 0.835334;
424, 0.831067;
425, 0.830139;
426, 0.826132;
427, 0.822325;
428, 0.818709;
429, 0.815273;
430, 0.81201;
431, 0.808909;
432, 0.805964;
433, 0.803166;
434, 0.800507;
435, 0.797982;
436, 0.795583;
437, 0.793304;
438, 0.791139;
439, 0.789082;
440, 0.787128;
441, 0.785271;
442, 0.783508;
443, 0.781832;
444, 0.780241;
445, 0.778729;
446, 0.777292;
447, 0.775928;
448, 0.774631;
449, 0.7734;
450, 0.77223;
451, 0.771118;
452, 0.770062;
453, 0.769059;
454, 0.768106;
455, 0.767201;
456, 0.766341;
457, 0.765524;
458, 0.764748;
459, 0.76401;
460, 0.76331;
461, 0.762644;
462, 0.762012;
463, 0.761411;
464, 0.760841;
465, 0.760299;
466, 0.759784;
467, 0.759295;
468, 0.761955;
469, 0.764482;
470, 0.763758;
471, 0.76307;
472, 0.762417;
473, 0.761796;
474, 0.761206;
475, 0.760646;
476, 0.760113;
477, 0.759608;
478, 0.759127;
479, 0.758671;
480, 0.758237;
481, 0.757826;
482, 0.757434;
483, 0.757063;
484, 0.756709;
485, 0.756374;
486, 0.756055;
487, 0.755753;
488, 0.755465;
489, 0.755192;
490, 0.754932;
491, 0.754685;
492, 0.754451;
493, 0.754229;
494, 0.754017;
495, 0.753816;
496, 0.753626;
497, 0.753444;
498, 0.753272;
499, 0.753108;
500, 0.752953;
501, 0.752805;
502, 0.74954;
503, 0.746438;
504, 0.746616;
505, 0.74366;
506, 0.740852;
507, 0.738185;
508, 0.73565;
509, 0.733243;
510, 0.730956;
511, 0.728783;
512, 0.726719;
513, 0.724758;
514, 0.722895;
515, 0.721125;
516, 0.719444;
517, 0.717847;
518, 0.716329;
519, 0.714888;
520, 0.713519;
521, 0.712218;
522, 0.710982;
523, 0.709808;
524, 0.708692;
525, 0.707633;
526, 0.706626;
527, 0.70567;
528, 0.704761;
529, 0.703898;
530, 0.703078;
531, 0.702299;
532, 0.701559;
533, 0.700856;
534, 0.700189;
535, 0.699554;
536, 0.698951;
537, 0.698379;
538, 0.697835;
539, 0.697318;
540, 0.696827;
541, 0.696361;
542, 0.695918;
543, 0.695497;
544, 0.695097;
545, 0.694717;
546, 0.694356;
547, 0.694014;
548, 0.693688;
549, 0.693379;
550, 0.693085;
551, 0.692805;
552, 0.69254;
553, 0.692288;
554, 0.692049;
555, 0.691821;
556, 0.691605;
557, 0.6914;
558, 0.691205;
559, 0.69102;
560, 0.690844;
561, 0.690677;
562, 0.690518;
563, 0.690367;
564, 0.690223;
565, 0.690087;
566, 0.689958;
567, 0.689835;
568, 0.689718;
569, 0.689607;
570, 0.689502;
571, 0.689402;
572, 0.689307;
573, 0.689216;
574, 0.692256;
575, 0.695143;
576, 0.697886;
577, 0.700491;
578, 0.702967;
579, 0.705319;
580, 0.707553;
581, 0.709675;
582, 0.711691;
583, 0.713607;
584, 0.715426;
585, 0.717155;
586, 0.718797;
587, 0.720357;
588, 0.72184;
589, 0.723248;
590, 0.724585;
591, 0.725856;
592, 0.727063;
593, 0.725085;
594, 0.723206;
595, 0.72142;
596, 0.719724;
597, 0.718113;
598, 0.716583;
599, 0.715128;
600, 0.713747;
601, 0.712435;
602, 0.711188;
603, 0.710003;
604, 0.708878;
605, 0.707809;
606, 0.706794;
607, 0.705829;
608, 0.704913;
609, 0.704042;
610, 0.703215;
611, 0.702429;
612, 0.701683;
613, 0.700974;
614, 0.7003;
615, 0.69966;
616, 0.699052;
617, 0.698474;
618, 0.697926;
619, 0.697404;
620, 0.696909;
621, 0.696439;
622, 0.695992;
623, 0.695567;
624, 0.695164;
625, 0.694781;
626, 0.694417;
627, 0.694071;
628, 0.693742;
629, 0.69343;
630, 0.693134;
631, 0.692852;
632, 0.692584;
633, 0.69233;
634, 0.692089;
635, 0.691859;
636, 0.691641;
637, 0.691434;
638, 0.691237;
639, 0.691051;
640, 0.690873;
641, 0.690704;
642, 0.690544;
643, 0.690392;
644, 0.690247;
645, 0.686985;
646, 0.687011;
647, 0.687035;
648, 0.683933;
649, 0.680987;
650, 0.681312;
651, 0.681622;
652, 0.681916;
653, 0.682195;
654, 0.68246;
655, 0.682712;
656, 0.682952;
657, 0.680054;
658, 0.677301;
659, 0.674686;
660, 0.672202;
661, 0.669842;
662, 0.6676;
663, 0.66547;
664, 0.663446;
665, 0.661524;
666, 0.659698;
667, 0.657963;
668, 0.656315;
669, 0.654749;
670, 0.653262;
671, 0.651848;
672, 0.650506;
673, 0.649231;
674, 0.648019;
675, 0.646868;
676, 0.645775;
677, 0.644736;
678, 0.643749;
679, 0.642812;
680, 0.641921;
681, 0.641075;
682, 0.640271;
683, 0.639508;
684, 0.638782;
685, 0.638093;
686, 0.637439;
687, 0.636817;
688, 0.636226;
689, 0.635665;
690, 0.635131;
691, 0.634625;
692, 0.634144;
693, 0.633686;
694, 0.633252;
695, 0.632839;
696, 0.632447;
697, 0.632075;
698, 0.631721;
699, 0.631385;
700, 0.631066;
701, 0.630763;
702, 0.630475;
703, 0.627076;
704, 0.626972;
705, 0.626873;
706, 0.623655;
707, 0.620597;
708, 0.617692;
709, 0.614933;
710, 0.612311;
711, 0.60982;
712, 0.607454;
713, 0.605207;
714, 0.603071;
715, 0.601043;
716, 0.599116;
717, 0.597285;
718, 0.595546;
719, 0.593893;
720, 0.592324;
721, 0.590832;
722, 0.589416;
723, 0.58807;
724, 0.586792;
725, 0.585577;
726, 0.584423;
727, 0.583327;
728, 0.582286;
729, 0.584421;
730, 0.58645;
731, 0.588378;
732, 0.590209;
733, 0.591948;
734, 0.593601;
735, 0.595171;
736, 0.596662;
737, 0.598079;
738, 0.5963;
739, 0.59461;
740, 0.593005;
741, 0.59148;
742, 0.590031;
743, 0.588654;
744, 0.587346;
745, 0.586104;
746, 0.584924;
747, 0.583803;
748, 0.582738;
749, 0.581726;
750, 0.580764;
751, 0.579851;
752, 0.578984;
753, 0.578159;
754, 0.577376;
755, 0.576633;
756, 0.572801;
757, 0.569161;
758, 0.565703;
759, 0.562418;
760, 0.559297;
761, 0.556332;
762, 0.553515;
763, 0.55084;
764, 0.548298;
765, 0.545883;
766, 0.543589;
767, 0.541409;
768, 0.539339;
769, 0.537372;
770, 0.535503;
771, 0.533728;
772, 0.532042;
773, 0.53044;
774, 0.528918;
775, 0.527472;
776, 0.526098;
777, 0.524793;
778, 0.523554;
779, 0.522376;
780, 0.521257;
781, 0.520194;
782, 0.51606;
783, 0.512132;
784, 0.5084;
785, 0.504855;
786, 0.501487;
787, 0.498288;
788, 0.495248;
789, 0.492361;
790, 0.489618;
791, 0.487012;
792, 0.484536;
793, 0.482185;
794, 0.47995;
795, 0.477828;
796, 0.475812;
797, 0.473896;
798, 0.472076;
799, 0.470347;
800, 0.468705;
801, 0.467145;
802, 0.465662;
803, 0.461129;
804, 0.456823;
805, 0.452732;
806, 0.448845;
807, 0.445153;
808, 0.441645;
809, 0.438313;
810, 0.435147;
811, 0.43214;
812, 0.429283;
813, 0.426569;
814, 0.42399;
815, 0.421541;
816, 0.419214;
817, 0.417003;
818, 0.414903;
819, 0.412908;
820, 0.411012;
821, 0.409212;
822, 0.407501;
823, 0.405876;
824, 0.404332;
825, 0.402866;
826, 0.401472;
827, 0.400149;
828, 0.398891;
829, 0.397697;
830, 0.396562;
831, 0.395484;
832, 0.39446;
833, 0.393487;
834, 0.392562;
835, 0.388559;
836, 0.387881;
