1, 0.;
2, 0.388858;
3, 0.389785;
4, 0.390666;
5, 0.391503;
6, 0.392298;
7, 0.393054;
8, 0.393772;
9, 0.394453;
10, 0.395101;
11, 0.395716;
12, 0.396301;
13, 0.396856;
14, 0.397384;
15, 0.397885;
16, 0.398361;
17, 0.398813;
18, 0.399243;
19, 0.399651;
20, 0.400039;
21, 0.400408;
22, 0.400758;
23, 0.40109;
24, 0.40048;
25, 0.3999;
26, 0.398424;
27, 0.396095;
28, 0.392957;
29, 0.388124;
30, 0.381681;
31, 0.374634;
32, 0.367013;
33, 0.358848;
34, 0.351091;
35, 0.342795;
36, 0.334915;
37, 0.326502;
38, 0.317585;
39, 0.308187;
40, 0.297407;
41, 0.286241;
42, 0.274706;
43, 0.263749;
44, 0.252413;
45, 0.241644;
46, 0.230488;
47, 0.21989;
48, 0.209821;
49, 0.19933;
50, 0.189364;
51, 0.179895;
52, 0.170901;
53, 0.162356;
54, 0.154238;
55, 0.146526;
56, 0.1392;
57, 0.13224;
58, 0.126554;
59, 0.121152;
60, 0.11602;
61, 0.111145;
62, 0.106514;
63, 0.102114;
64, 0.097934;
65, 0.093963;
66, 0.090191;
67, 0.087533;
68, 0.085009;
69, 0.08261;
70, 0.080331;
71, 0.079093;
72, 0.077916;
73, 0.076798;
74, 0.076662;
75, 0.076532;
76, 0.076409;
77, 0.076293;
78, 0.077108;
79, 0.077882;
80, 0.078617;
81, 0.080242;
82, 0.081785;
83, 0.083252;
84, 0.085571;
85, 0.087774;
86, 0.089866;
87, 0.091855;
88, 0.094669;
89, 0.097343;
90, 0.100809;
91, 0.104102;
92, 0.10723;
93, 0.111128;
94, 0.114831;
95, 0.118349;
96, 0.122616;
97, 0.126671;
98, 0.131448;
99, 0.135987;
100, 0.140299;
101, 0.145321;
102, 0.150092;
103, 0.154624;
104, 0.159856;
105, 0.164826;
106, 0.169548;
107, 0.174959;
108, 0.1801;
109, 0.184984;
110, 0.19055;
111, 0.195837;
112, 0.20086;
113, 0.206558;
114, 0.211971;
115, 0.218039;
116, 0.223804;
117, 0.22928;
118, 0.235409;
119, 0.241231;
120, 0.246762;
121, 0.252016;
122, 0.257008;
123, 0.262676;
124, 0.268061;
125, 0.273176;
126, 0.278962;
127, 0.284458;
128, 0.28968;
129, 0.29464;
130, 0.299353;
131, 0.304756;
132, 0.309888;
133, 0.314764;
134, 0.319396;
135, 0.324723;
136, 0.329783;
137, 0.33459;
138, 0.339157;
139, 0.343495;
140, 0.347617;
141, 0.351532;
142, 0.355252;
143, 0.358786;
144, 0.363069;
145, 0.367137;
146, 0.371003;
147, 0.374675;
148, 0.378163;
149, 0.381477;
150, 0.384626;
151, 0.387617;
152, 0.391384;
153, 0.394963;
154, 0.398363;
155, 0.401593;
156, 0.404661;
157, 0.407577;
158, 0.411272;
159, 0.413856;
160, 0.416312;
161, 0.418644;
162, 0.42086;
163, 0.422965;
164, 0.424039;
165, 0.425059;
166, 0.425103;
167, 0.425144;
168, 0.424257;
169, 0.423415;
170, 0.422614;
171, 0.421854;
172, 0.420206;
173, 0.41864;
174, 0.417152;
175, 0.415739;
176, 0.414397;
177, 0.413121;
178, 0.41191;
179, 0.410759;
180, 0.409665;
181, 0.408626;
182, 0.407639;
183, 0.405776;
184, 0.404932;
185, 0.404129;
186, 0.403367;
187, 0.402644;
188, 0.40103;
189, 0.399497;
190, 0.398041;
191, 0.396657;
192, 0.395343;
193, 0.39502;
194, 0.394713;
195, 0.394422;
196, 0.394146;
197, 0.393883;
198, 0.393633;
199, 0.393396;
200, 0.392245;
201, 0.391151;
202, 0.389186;
203, 0.387319;
204, 0.385546;
205, 0.383861;
206, 0.382261;
207, 0.379814;
208, 0.37749;
209, 0.375282;
210, 0.373185;
211, 0.370266;
212, 0.367494;
213, 0.36486;
214, 0.362358;
215, 0.359981;
216, 0.357722;
217, 0.355577;
218, 0.353539;
219, 0.351603;
220, 0.349763;
221, 0.348016;
222, 0.346356;
223, 0.344779;
224, 0.34328;
225, 0.341857;
226, 0.340505;
227, 0.339221;
228, 0.338926;
229, 0.338647;
230, 0.338381;
231, 0.338129;
232, 0.337889;
233, 0.338587;
234, 0.33925;
235, 0.33988;
236, 0.340479;
237, 0.341047;
238, 0.341588;
239, 0.342101;
240, 0.342588;
241, 0.343052;
242, 0.344418;
243, 0.345715;
244, 0.346948;
245, 0.348119;
246, 0.349232;
247, 0.350289;
248, 0.351293;
249, 0.353172;
250, 0.354958;
251, 0.356655;
252, 0.358267;
253, 0.359798;
254, 0.361252;
255, 0.36356;
256, 0.365752;
257, 0.367835;
258, 0.369814;
259, 0.371693;
260, 0.373479;
261, 0.376101;
262, 0.378593;
263, 0.380959;
264, 0.383208;
265, 0.38627;
266, 0.389178;
267, 0.391942;
268, 0.394567;
269, 0.397987;
270, 0.401235;
271, 0.404322;
272, 0.407254;
273, 0.410039;
274, 0.412685;
275, 0.415199;
276, 0.417587;
277, 0.419856;
278, 0.422012;
279, 0.424059;
280, 0.42693;
281, 0.429658;
282, 0.432249;
283, 0.434711;
284, 0.437049;
285, 0.439271;
286, 0.441381;
287, 0.444312;
288, 0.447097;
289, 0.449742;
290, 0.452255;
291, 0.454642;
292, 0.45691;
293, 0.459064;
294, 0.462037;
295, 0.464861;
296, 0.467544;
297, 0.470093;
298, 0.472514;
299, 0.474814;
300, 0.476999;
301, 0.479075;
302, 0.481048;
303, 0.483847;
304, 0.486507;
305, 0.489033;
306, 0.491433;
307, 0.493713;
308, 0.49588;
309, 0.498863;
310, 0.501698;
311, 0.504391;
312, 0.506949;
313, 0.50938;
314, 0.511688;
315, 0.513882;
316, 0.515965;
317, 0.517945;
318, 0.519825;
319, 0.522538;
320, 0.525115;
321, 0.527563;
322, 0.529888;
323, 0.532097;
324, 0.534196;
325, 0.53619;
326, 0.538084;
327, 0.539884;
328, 0.542519;
329, 0.545023;
330, 0.547401;
331, 0.549661;
332, 0.551808;
333, 0.553847;
334, 0.555784;
335, 0.557625;
336, 0.559373;
337, 0.56196;
338, 0.564417;
339, 0.566752;
340, 0.56897;
341, 0.571077;
342, 0.573079;
343, 0.57498;
344, 0.576787;
345, 0.578503;
346, 0.580134;
347, 0.581682;
348, 0.583154;
349, 0.584552;
350, 0.586806;
351, 0.588947;
352, 0.590981;
353, 0.592913;
354, 0.594749;
355, 0.597419;
356, 0.599956;
357, 0.602365;
358, 0.604654;
359, 0.606829;
360, 0.608895;
361, 0.610858;
362, 0.612722;
363, 0.615419;
364, 0.617982;
365, 0.620416;
366, 0.622729;
367, 0.625851;
368, 0.628818;
369, 0.631636;
370, 0.634314;
371, 0.636857;
372, 0.639274;
373, 0.641569;
374, 0.64375;
375, 0.645822;
376, 0.64779;
377, 0.648734;
378, 0.649631;
379, 0.649556;
380, 0.651338;
381, 0.654882;
382, 0.659175;
383, 0.665105;
384, 0.671665;
385, 0.679748;
386, 0.688353;
387, 0.697454;
388, 0.7061;
389, 0.714314;
390, 0.722116;
391, 0.729529;
392, 0.737497;
393, 0.745067;
394, 0.752258;
395, 0.759089;
396, 0.765579;
397, 0.771745;
398, 0.778528;
399, 0.784972;
400, 0.791094;
401, 0.796909;
402, 0.802434;
403, 0.808609;
404, 0.813549;
405, 0.818242;
406, 0.823626;
407, 0.828741;
408, 0.8336;
409, 0.839142;
410, 0.845333;
411, 0.851215;
412, 0.856802;
413, 0.86211;
414, 0.868079;
415, 0.873749;
416, 0.879136;
417, 0.884253;
418, 0.89004;
419, 0.895538;
420, 0.900761;
421, 0.905723;
422, 0.910437;
423, 0.914915;
424, 0.919169;
425, 0.923211;
426, 0.92705;
427, 0.930698;
428, 0.934163;
429, 0.937455;
430, 0.940582;
431, 0.943553;
432, 0.946375;
433, 0.949057;
434, 0.951604;
435, 0.954024;
436, 0.955396;
437, 0.956701;
438, 0.95794;
439, 0.959117;
440, 0.959309;
441, 0.959492;
442, 0.959665;
443, 0.95983;
444, 0.959061;
445, 0.95833;
446, 0.957636;
447, 0.956976;
448, 0.955424;
449, 0.953949;
450, 0.952548;
451, 0.951217;
452, 0.949026;
453, 0.946945;
454, 0.944968;
455, 0.942164;
456, 0.939501;
457, 0.936044;
458, 0.93276;
459, 0.929641;
460, 0.925751;
461, 0.922056;
462, 0.91762;
463, 0.913406;
464, 0.909402;
465, 0.904673;
466, 0.90018;
467, 0.895912;
468, 0.891857;
469, 0.887079;
470, 0.88254;
471, 0.878228;
472, 0.873205;
473, 0.868434;
474, 0.863901;
475, 0.859595;
476, 0.854578;
477, 0.849812;
478, 0.845284;
479, 0.840983;
480, 0.836897;
481, 0.833015;
482, 0.828401;
483, 0.824018;
484, 0.819854;
485, 0.815899;
486, 0.813067;
487, 0.810376;
488, 0.807821;
489, 0.805393;
490, 0.804012;
491, 0.8027;
492, 0.801454;
493, 0.80027;
494, 0.799146;
495, 0.798077;
496, 0.797062;
497, 0.796098;
498, 0.795182;
499, 0.794312;
500, 0.793485;
501, 0.7927;
502, 0.791954;
503, 0.791245;
504, 0.790571;
505, 0.789006;
506, 0.787519;
507, 0.786106;
508, 0.784763;
509, 0.783488;
510, 0.782277;
511, 0.781126;
512, 0.780032;
513, 0.778068;
514, 0.776201;
515, 0.774428;
516, 0.772744;
517, 0.771144;
518, 0.769624;
519, 0.76818;
520, 0.766808;
521, 0.764578;
522, 0.762461;
523, 0.760449;
524, 0.758537;
525, 0.756722;
526, 0.754997;
527, 0.753358;
528, 0.751801;
529, 0.750322;
530, 0.748917;
531, 0.747582;
532, 0.746314;
533, 0.74511;
534, 0.743039;
535, 0.741073;
536, 0.739204;
537, 0.737429;
538, 0.735743;
539, 0.734141;
540, 0.732619;
541, 0.730247;
542, 0.727994;
543, 0.725854;
544, 0.72382;
545, 0.721889;
546, 0.720979;
547, 0.720116;
548, 0.718369;
549, 0.71671;
550, 0.715134;
551, 0.713636;
552, 0.712214;
553, 0.710862;
554, 0.709578;
555, 0.708359;
556, 0.7072;
557, 0.706099;
558, 0.704128;
559, 0.702255;
560, 0.700475;
561, 0.698785;
562, 0.697179;
563, 0.695653;
564, 0.694204;
565, 0.692827;
566, 0.691519;
567, 0.690276;
568, 0.68817;
569, 0.686169;
570, 0.683342;
571, 0.680656;
572, 0.678105;
573, 0.675681;
574, 0.673379;
575, 0.671191;
576, 0.669113;
577, 0.666213;
578, 0.663458;
579, 0.660841;
580, 0.658354;
581, 0.655992;
582, 0.653748;
583, 0.65069;
584, 0.647785;
585, 0.645026;
586, 0.642404;
587, 0.639913;
588, 0.636621;
589, 0.633494;
590, 0.630523;
591, 0.627701;
592, 0.625019;
593, 0.622472;
594, 0.620052;
595, 0.616827;
596, 0.613764;
597, 0.610853;
598, 0.608088;
599, 0.605462;
600, 0.602966;
601, 0.59967;
602, 0.596538;
603, 0.593563;
604, 0.590737;
605, 0.588052;
606, 0.584575;
607, 0.581272;
608, 0.578135;
609, 0.575154;
610, 0.572322;
611, 0.569632;
612, 0.567076;
613, 0.563722;
614, 0.560536;
615, 0.55751;
616, 0.554634;
617, 0.551902;
618, 0.549307;
619, 0.545916;
620, 0.542694;
621, 0.539634;
622, 0.536726;
623, 0.533964;
624, 0.53134;
625, 0.527921;
626, 0.524673;
627, 0.521587;
628, 0.518656;
629, 0.515872;
630, 0.513226;
631, 0.509787;
632, 0.50652;
633, 0.503416;
634, 0.500468;
635, 0.497666;
636, 0.495005;
637, 0.492477;
638, 0.48915;
639, 0.485988;
640, 0.482985;
641, 0.480132;
642, 0.477422;
643, 0.474847;
644, 0.472401;
645, 0.470077;
646, 0.466944;
647, 0.463967;
648, 0.461139;
649, 0.458453;
650, 0.4559;
651, 0.453476;
652, 0.451172;
653, 0.448984;
654, 0.446905;
655, 0.44493;
656, 0.443054;
657, 0.440346;
658, 0.437773;
659, 0.435329;
660, 0.433007;
661, 0.430801;
662, 0.428705;
663, 0.426714;
664, 0.424823;
665, 0.423027;
666, 0.42132;
667, 0.419698;
668, 0.418158;
669, 0.416694;
670, 0.415304;
671, 0.413983;
672, 0.412728;
673, 0.411536;
674, 0.410404;
675, 0.408402;
676, 0.406501;
677, 0.404694;
678, 0.402978;
679, 0.401348;
680, 0.399799;
681, 0.398327;
682, 0.39693;
683, 0.395602;
684, 0.39434;
685, 0.393142;
686, 0.392003;
687, 0.390921;
688, 0.389894;
689, 0.387992;
690, 0.386185;
691, 0.384468;
692, 0.382837;
693, 0.381288;
694, 0.379816;
695, 0.378418;
696, 0.37709;
697, 0.375828;
698, 0.374629;
699, 0.37349;
700, 0.372408;
701, 0.37138;
702, 0.370404;
703, 0.36855;
704, 0.36679;
705, 0.365117;
706, 0.363528;
707, 0.362018;
708, 0.360584;
709, 0.359221;
710, 0.357927;
711, 0.356697;
712, 0.355529;
713, 0.354419;
714, 0.353365;
715, 0.351437;
716, 0.349606;
717, 0.347867;
718, 0.346214;
719, 0.344644;
720, 0.343153;
721, 0.341736;
722, 0.34039;
723, 0.339111;
724, 0.337896;
725, 0.336742;
726, 0.335646;
727, 0.334604;
728, 0.332689;
729, 0.330869;
730, 0.32914;
731, 0.327498;
732, 0.325938;
733, 0.324456;
734, 0.323048;
735, 0.321711;
736, 0.32044;
737, 0.319233;
738, 0.318086;
739, 0.316996;
740, 0.316887;
741, 0.316784;
742, 0.316685;
743, 0.315666;
744, 0.314697;
745, 0.313777;
746, 0.312903;
747, 0.312073;
748, 0.311284;
749, 0.310535;
750, 0.309823;
751, 0.309146;
752, 0.308504;
753, 0.307894;
754, 0.307314;
755, 0.306763;
756, 0.306239;
757, 0.305742;
758, 0.30527;
759, 0.304821;
760, 0.304395;
761, 0.30399;
762, 0.303605;
763, 0.30324;
764, 0.302893;
765, 0.302563;
766, 0.30225;
767, 0.301952;
768, 0.300743;
769, 0.300521;
770, 0.299384;
771, 0.298303;
772, 0.297277;
773, 0.296302;
774, 0.295376;
775, 0.294496;
776, 0.29366;
777, 0.292866;
778, 0.292112;
779, 0.291395;
780, 0.290714;
781, 0.290067;
782, 0.288527;
783, 0.287063;
784, 0.285673;
785, 0.284353;
786, 0.283098;
787, 0.281906;
788, 0.280774;
789, 0.279698;
790, 0.278676;
791, 0.277705;
792, 0.276783;
793, 0.275907;
794, 0.275074;
795, 0.274284;
796, 0.273532;
797, 0.272819;
798, 0.272141;
799, 0.271497;
800, 0.270885;
801, 0.270303;
802, 0.269751;
803, 0.269227;
804, 0.268728;
805, 0.268255;
806, 0.267805;
807, 0.267378;
808, 0.266972;
809, 0.266586;
810, 0.26622;
811, 0.265872;
812, 0.265541;
813, 0.265227;
