1, 0.;
2, 0.071361;
3, 0.364225;
4, 0.547803;
5, 0.873022;
6, 1.12572;
7, 1.393148;
8, 1.473833;
9, 1.54645;
10, 1.611805;
11, 1.600624;
12, 1.660562;
13, 1.714506;
14, 1.693055;
15, 1.71375;
16, 1.842375;
17, 1.848137;
18, 1.773324;
19, 1.745991;
20, 1.721392;
21, 1.699253;
22, 1.679328;
23, 1.661395;
24, 1.645255;
25, 1.67073;
26, 1.653657;
27, 1.638291;
28, 1.624462;
29, 1.612016;
30, 1.600814;
31, 1.590733;
32, 1.58166;
33, 1.573494;
34, 1.566144;
35, 1.55953;
36, 1.553577;
37, 1.548219;
38, 1.543397;
39, 1.499058;
40, 1.499152;
41, 1.499237;
42, 1.499313;
43, 1.499382;
44, 1.499443;
45, 1.499499;
46, 1.459549;
47, 1.463594;
48, 1.427235;
49, 1.434511;
50, 1.44106;
51, 1.366954;
52, 1.380259;
53, 1.392233;
54, 1.32301;
55, 1.340709;
56, 1.356638;
57, 1.370974;
58, 1.303877;
59, 1.323489;
60, 1.34114;
61, 1.357026;
62, 1.371323;
63, 1.304191;
64, 1.243772;
65, 1.189395;
66, 1.220455;
67, 1.16841;
68, 1.121569;
69, 1.079412;
70, 1.041471;
71, 1.007324;
72, 0.976591;
73, 0.948932;
74, 0.924039;
75, 0.901635;
76, 0.881472;
77, 0.863324;
78, 0.846992;
79, 0.832293;
80, 0.819063;
81, 0.807157;
82, 0.796441;
83, 0.786797;
84, 0.778118;
85, 0.770306;
86, 0.763275;
87, 0.756948;
88, 0.711253;
89, 0.670128;
90, 0.673115;
91, 0.675803;
92, 0.638223;
93, 0.604401;
94, 0.573961;
95, 0.546565;
96, 0.561908;
97, 0.535717;
98, 0.552146;
99, 0.566931;
100, 0.580238;
101, 0.552214;
102, 0.526993;
103, 0.504293;
104, 0.483864;
105, 0.465478;
106, 0.48893;
107, 0.470037;
108, 0.493033;
109, 0.51373;
110, 0.492357;
111, 0.473121;
112, 0.455809;
113, 0.440228;
114, 0.426205;
115, 0.413585;
116, 0.402226;
117, 0.392004;
118, 0.382803;
119, 0.374523;
120, 0.367071;
121, 0.360364;
122, 0.354327;
123, 0.348895;
124, 0.344005;
125, 0.339605;
126, 0.335644;
127, 0.33208;
128, 0.328872;
129, 0.325985;
130, 0.323386;
131, 0.321048;
132, 0.318943;
133, 0.317048;
134, 0.315344;
135, 0.313809;
136, 0.312428;
137, 0.311186;
138, 0.310067;
139, 0.30906;
140, 0.308154;
141, 0.307339;
142, 0.306605;
143, 0.305944;
144, 0.30535;
145, 0.304815;
146, 0.304334;
147, 0.3039;
148, 0.30351;
149, 0.303159;
150, 0.302843;
151, 0.302559;
152, 0.302303;
153, 0.302073;
154, 0.301865;
155, 0.301679;
156, 0.301511;
157, 0.30136;
158, 0.301224;
159, 0.301102;
160, 0.300991;
161, 0.300892;
162, 0.300803;
163, 0.300723;
164, 0.30065;
165, 0.300585;
166, 0.300527;
167, 0.300474;
168, 0.300427;
169, 0.300384;
170, 0.300346;
171, 0.300311;
172, 0.30028;
173, 0.300252;
174, 0.300227;
175, 0.300204;
176, 0.300184;
177, 0.300165;
178, 0.300149;
179, 0.300134;
180, 0.300121;
181, 0.300108;
182, 0.300098;
183, 0.300088;
184, 0.300079;
185, 0.300071;
186, 0.300064;
187, 0.300058;
188, 0.300052;
189, 0.300047;
190, 0.300042;
191, 0.300038;
192, 0.300034;
193, 0.300031;
194, 0.300028;
195, 0.300025;
196, 0.300022;
197, 0.34002;
198, 0.336018;
199, 0.332416;
200, 0.329175;
201, 0.366257;
202, 0.399631;
203, 0.429668;
204, 0.416701;
205, 0.405031;
206, 0.394528;
207, 0.385075;
208, 0.376568;
209, 0.368911;
210, 0.36202;
211, 0.355818;
212, 0.350236;
213, 0.345213;
214, 0.340691;
215, 0.336622;
216, 0.33296;
217, 0.329664;
218, 0.326698;
219, 0.324028;
220, 0.321625;
221, 0.319463;
222, 0.317516;
223, 0.315765;
224, 0.314188;
225, 0.312769;
226, 0.311492;
227, 0.310343;
228, 0.309309;
229, 0.308378;
230, 0.30754;
231, 0.306786;
232, 0.306108;
233, 0.305497;
234, 0.304947;
235, 0.304452;
236, 0.304007;
237, 0.303606;
238, 0.303246;
239, 0.302921;
240, 0.302629;
241, 0.302366;
242, 0.30213;
243, 0.301917;
244, 0.301725;
245, 0.301552;
246, 0.301397;
247, 0.301257;
248, 0.301132;
249, 0.301019;
250, 0.300917;
251, 0.300825;
252, 0.300743;
253, 0.300668;
254, 0.300601;
255, 0.300541;
256, 0.300487;
257, 0.300438;
258, 0.300395;
259, 0.300355;
260, 0.30032;
261, 0.300288;
262, 0.300259;
263, 0.300233;
264, 0.30021;
265, 0.300189;
266, 0.30017;
267, 0.300153;
268, 0.300138;
269, 0.300124;
270, 0.300111;
271, 0.3001;
272, 0.30009;
273, 0.300081;
274, 0.300073;
275, 0.300066;
276, 0.300059;
277, 0.300053;
278, 0.300048;
279, 0.340043;
280, 0.336039;
281, 0.332435;
282, 0.329191;
283, 0.326272;
284, 0.323645;
285, 0.321281;
286, 0.319153;
287, 0.317237;
288, 0.315514;
289, 0.313962;
290, 0.312566;
291, 0.311309;
292, 0.310178;
293, 0.349161;
294, 0.384245;
295, 0.37582;
296, 0.408238;
297, 0.397414;
298, 0.387673;
299, 0.378906;
300, 0.371015;
301, 0.363914;
302, 0.397522;
303, 0.38777;
304, 0.418993;
305, 0.447094;
306, 0.432384;
307, 0.419146;
308, 0.447231;
309, 0.432508;
310, 0.419257;
311, 0.407332;
312, 0.396598;
313, 0.426939;
314, 0.414245;
315, 0.44282;
316, 0.468538;
317, 0.491684;
318, 0.512516;
319, 0.531264;
320, 0.548138;
321, 0.563324;
322, 0.576992;
323, 0.589293;
324, 0.600363;
325, 0.610327;
326, 0.619294;
327, 0.627365;
328, 0.634628;
329, 0.641165;
330, 0.647049;
331, 0.652344;
332, 0.65711;
333, 0.661399;
334, 0.665259;
335, 0.668733;
336, 0.67186;
337, 0.674674;
338, 0.677206;
339, 0.639486;
340, 0.645537;
341, 0.650983;
342, 0.615885;
343, 0.584297;
344, 0.595867;
345, 0.60628;
346, 0.575652;
347, 0.548087;
348, 0.523278;
349, 0.54095;
350, 0.556855;
351, 0.57117;
352, 0.584053;
353, 0.555648;
354, 0.530083;
355, 0.507075;
356, 0.486367;
357, 0.46773;
358, 0.450957;
359, 0.435862;
360, 0.422275;
361, 0.410048;
362, 0.439043;
363, 0.425139;
364, 0.412625;
365, 0.441362;
366, 0.427226;
367, 0.454504;
368, 0.479053;
369, 0.461148;
370, 0.445033;
371, 0.47053;
372, 0.453477;
373, 0.478129;
374, 0.500316;
375, 0.520285;
376, 0.498256;
377, 0.518431;
378, 0.536587;
379, 0.512929;
380, 0.531636;
381, 0.548472;
382, 0.523625;
383, 0.501263;
384, 0.481136;
385, 0.503023;
386, 0.48272;
387, 0.464448;
388, 0.488004;
389, 0.469203;
390, 0.452283;
391, 0.437055;
392, 0.423349;
393, 0.411014;
394, 0.399913;
395, 0.389921;
396, 0.380929;
397, 0.372836;
398, 0.365553;
399, 0.358997;
400, 0.353098;
401, 0.347788;
402, 0.343009;
403, 0.338708;
404, 0.334837;
405, 0.331354;
406, 0.328218;
407, 0.325396;
408, 0.322857;
409, 0.320571;
410, 0.318514;
411, 0.316663;
412, 0.314996;
413, 0.313497;
414, 0.312147;
415, 0.310932;
416, 0.309839;
417, 0.348855;
418, 0.34397;
419, 0.339573;
420, 0.335615;
421, 0.332054;
422, 0.328849;
423, 0.365964;
424, 0.359367;
425, 0.393431;
426, 0.424087;
427, 0.411679;
428, 0.400511;
429, 0.39046;
430, 0.381414;
431, 0.413272;
432, 0.401945;
433, 0.391751;
434, 0.422576;
435, 0.450318;
436, 0.435286;
437, 0.461758;
438, 0.445582;
439, 0.431024;
440, 0.457921;
441, 0.442129;
442, 0.467916;
443, 0.451125;
444, 0.436012;
445, 0.422411;
446, 0.45017;
447, 0.475153;
448, 0.457638;
449, 0.441874;
450, 0.427686;
451, 0.414918;
452, 0.443426;
453, 0.429083;
454, 0.456175;
455, 0.440558;
456, 0.426502;
457, 0.413852;
458, 0.402466;
459, 0.39222;
460, 0.382998;
461, 0.374698;
462, 0.367228;
463, 0.360505;
464, 0.354455;
465, 0.349009;
466, 0.344108;
467, 0.339698;
468, 0.335728;
469, 0.332155;
470, 0.32894;
471, 0.326046;
472, 0.323441;
473, 0.321097;
474, 0.318987;
475, 0.317089;
476, 0.31538;
477, 0.313842;
478, 0.312458;
479, 0.311212;
480, 0.350091;
481, 0.345082;
482, 0.340573;
483, 0.336516;
484, 0.332864;
485, 0.329578;
486, 0.32662;
487, 0.363958;
488, 0.397562;
489, 0.387806;
490, 0.379026;
491, 0.371123;
492, 0.364011;
493, 0.35761;
494, 0.351849;
495, 0.346664;
496, 0.341997;
497, 0.337798;
498, 0.374018;
499, 0.366616;
500, 0.359955;
501, 0.353959;
502, 0.348563;
503, 0.343707;
504, 0.339336;
505, 0.335403;
506, 0.331862;
507, 0.328676;
508, 0.325808;
509, 0.323228;
510, 0.360905;
511, 0.354814;
512, 0.349333;
513, 0.3444;
514, 0.33996;
515, 0.335964;
516, 0.332367;
517, 0.329131;
518, 0.326218;
519, 0.323596;
520, 0.321236;
521, 0.319113;
522, 0.317201;
523, 0.315481;
524, 0.313933;
525, 0.31254;
526, 0.311286;
527, 0.310157;
528, 0.309141;
529, 0.308227;
530, 0.307405;
531, 0.306664;
532, 0.305998;
533, 0.305398;
534, 0.304858;
535, 0.304372;
536, 0.303935;
537, 0.303542;
538, 0.303187;
539, 0.302869;
540, 0.302582;
541, 0.302324;
542, 0.302091;
543, 0.301882;
544, 0.301694;
545, 0.301525;
546, 0.301372;
547, 0.301235;
548, 0.301111;
549, 0.301;
550, 0.3009;
551, 0.30081;
552, 0.300729;
553, 0.300656;
554, 0.300591;
555, 0.300532;
556, 0.300478;
557, 0.300431;
558, 0.300388;
559, 0.300349;
560, 0.300314;
561, 0.300283;
562, 0.300254;
563, 0.300229;
564, 0.300206;
565, 0.300185;
566, 0.300167;
567, 0.30015;
568, 0.300135;
569, 0.300122;
570, 0.300109;
571, 0.300099;
572, 0.300089;
573, 0.30008;
574, 0.300072;
575, 0.300065;
576, 0.300058;
577, 0.300052;
578, 0.300047;
579, 0.300042;
580, 0.300038;
581, 0.300034;
582, 0.300031;
583, 0.300028;
584, 0.300025;
585, 0.300023;
586, 0.30002;
587, 0.300018;
588, 0.300016;
589, 0.300015;
590, 0.300013;
591, 0.300012;
592, 0.300011;
593, 0.30001;
594, 0.300009;
595, 0.300008;
596, 0.300007;
597, 0.300006;
598, 0.340006;
599, 0.336005;
600, 0.372405;
601, 0.365164;
602, 0.358648;
603, 0.392783;
604, 0.383505;
605, 0.375154;
606, 0.407639;
607, 0.396875;
608, 0.387187;
609, 0.378469;
610, 0.410622;
611, 0.39956;
612, 0.389604;
613, 0.380643;
614, 0.372579;
615, 0.405321;
616, 0.394789;
617, 0.42531;
618, 0.412779;
619, 0.401501;
620, 0.431351;
621, 0.418216;
622, 0.406394;
623, 0.395755;
624, 0.386179;
625, 0.377561;
626, 0.369805;
627, 0.362825;
628, 0.356542;
629, 0.350888;
630, 0.345799;
631, 0.341219;
632, 0.337097;
633, 0.333388;
634, 0.330049;
635, 0.327044;
636, 0.32434;
637, 0.361906;
638, 0.395715;
639, 0.386144;
640, 0.417529;
641, 0.405776;
642, 0.435199;
643, 0.421679;
644, 0.409511;
645, 0.39856;
646, 0.428704;
647, 0.455833;
648, 0.48025;
649, 0.462225;
650, 0.486003;
651, 0.467402;
652, 0.490662;
653, 0.471596;
654, 0.494436;
655, 0.514993;
656, 0.533493;
657, 0.550144;
658, 0.56513;
659, 0.578617;
660, 0.590755;
661, 0.60168;
662, 0.611512;
663, 0.62036;
664, 0.628324;
665, 0.635492;
666, 0.641943;
667, 0.647748;
668, 0.652974;
669, 0.657676;
670, 0.661909;
671, 0.665718;
672, 0.669146;
673, 0.672231;
674, 0.675008;
675, 0.677507;
676, 0.679757;
677, 0.681781;
678, 0.683603;
679, 0.685243;
680, 0.686718;
681, 0.688047;
682, 0.689242;
683, 0.690318;
684, 0.691286;
685, 0.692157;
686, 0.692942;
687, 0.693647;
688, 0.694283;
689, 0.694854;
690, 0.695369;
691, 0.695832;
692, 0.696249;
693, 0.696624;
694, 0.696962;
695, 0.697265;
696, 0.697539;
697, 0.697785;
698, 0.698007;
699, 0.698206;
700, 0.698385;
701, 0.698547;
702, 0.698692;
703, 0.698823;
704, 0.698941;
705, 0.699046;
706, 0.699142;
707, 0.699228;
708, 0.699305;
709, 0.699374;
710, 0.659437;
711, 0.663493;
712, 0.667144;
713, 0.67043;
714, 0.673387;
715, 0.676048;
716, 0.638443;
717, 0.644599;
718, 0.650139;
719, 0.655125;
720, 0.619613;
721, 0.587651;
722, 0.598886;
723, 0.608998;
724, 0.618098;
725, 0.626288;
726, 0.593659;
727, 0.604293;
728, 0.613864;
729, 0.622478;
730, 0.63023;
731, 0.637207;
732, 0.643486;
733, 0.649138;
734, 0.654224;
735, 0.618801;
736, 0.626921;
737, 0.634229;
738, 0.640806;
739, 0.646726;
740, 0.652053;
741, 0.616848;
742, 0.625163;
743, 0.592647;
744, 0.563382;
745, 0.537044;
746, 0.513339;
747, 0.532005;
748, 0.548805;
749, 0.523924;
750, 0.541532;
751, 0.517379;
752, 0.535641;
753, 0.552077;
754, 0.526869;
755, 0.504182;
756, 0.483764;
757, 0.465388;
758, 0.448849;
759, 0.433964;
760, 0.420568;
761, 0.408511;
762, 0.39766;
763, 0.427894;
764, 0.455104;
765, 0.479594;
766, 0.501635;
767, 0.521471;
768, 0.539324;
769, 0.555392;
770, 0.529852;
771, 0.506867;
772, 0.48618;
773, 0.467562;
774, 0.450806;
775, 0.435726;
776, 0.422153;
777, 0.449938;
778, 0.434944;
779, 0.42145;
780, 0.449305;
781, 0.434374;
782, 0.420937;
783, 0.408843;
784, 0.397959;
785, 0.388163;
786, 0.379347;
787, 0.371412;
788, 0.364271;
789, 0.357844;
790, 0.352059;
791, 0.346853;
792, 0.342168;
793, 0.337951;
794, 0.334156;
795, 0.33074;
796, 0.327666;
797, 0.3249;
798, 0.32241;
799, 0.320169;
800, 0.318152;
801, 0.316337;
802, 0.314703;
803, 0.313233;
804, 0.311909;
805, 0.310719;
806, 0.309647;
807, 0.308682;
808, 0.307814;
809, 0.307032;
810, 0.306329;
811, 0.305696;
812, 0.305127;
813, 0.304614;
814, 0.304153;
815, 0.303737;
816, 0.303364;
817, 0.303027;
818, 0.302725;
819, 0.302452;
820, 0.302207;
821, 0.301986;
822, 0.301788;
823, 0.301609;
824, 0.301448;
825, 0.301303;
