1, 0.;
2, 0.290632;
3, 0.313434;
4, 0.333096;
5, 0.353108;
6, 0.370119;
7, 0.38628;
8, 0.400966;
9, 0.414251;
10, 0.426872;
11, 0.440195;
12, 0.450852;
13, 0.460309;
14, 0.469294;
15, 0.477829;
16, 0.485937;
17, 0.491641;
18, 0.498392;
19, 0.504139;
20, 0.509599;
21, 0.516119;
22, 0.521646;
23, 0.527564;
24, 0.531852;
25, 0.535926;
26, 0.540463;
27, 0.544774;
28, 0.549535;
29, 0.552725;
30, 0.555089;
31, 0.557334;
32, 0.560801;
33, 0.562761;
34, 0.563956;
35, 0.565091;
36, 0.56617;
37, 0.567195;
38, 0.568169;
39, 0.568427;
40, 0.568672;
41, 0.569572;
42, 0.56976;
43, 0.569939;
44, 0.570775;
45, 0.570903;
46, 0.570358;
47, 0.56984;
48, 0.568681;
49, 0.567581;
50, 0.566535;
51, 0.564208;
52, 0.559998;
53, 0.559331;
54, 0.558031;
55, 0.55613;
56, 0.557657;
57, 0.559774;
58, 0.561785;
59, 0.563696;
60, 0.564844;
61, 0.565935;
62, 0.566305;
63, 0.566657;
64, 0.566991;
65, 0.567308;
66, 0.566276;
67, 0.565295;
68, 0.56503;
69, 0.564779;
70, 0.56454;
71, 0.564313;
72, 0.564097;
73, 0.563226;
74, 0.563065;
75, 0.562245;
76, 0.561466;
77, 0.560726;
78, 0.559356;
79, 0.558055;
80, 0.556819;
81, 0.555645;
82, 0.554529;
83, 0.553469;
84, 0.553129;
85, 0.552139;
86, 0.551199;
87, 0.550306;
88, 0.550124;
89, 0.549284;
90, 0.549153;
91, 0.548362;
92, 0.547611;
93, 0.54623;
94, 0.545586;
95, 0.544973;
96, 0.543724;
97, 0.543205;
98, 0.542045;
99, 0.540942;
100, 0.541229;
101, 0.540167;
102, 0.539159;
103, 0.538867;
104, 0.537924;
105, 0.537028;
106, 0.536177;
107, 0.536034;
108, 0.536566;
109, 0.536404;
110, 0.536251;
111, 0.536105;
112, 0.534633;
113, 0.533901;
114, 0.533206;
115, 0.531213;
116, 0.530652;
117, 0.530119;
118, 0.528947;
119, 0.528499;
120, 0.527408;
121, 0.526371;
122, 0.524719;
123, 0.523816;
124, 0.522292;
125, 0.520844;
126, 0.519469;
127, 0.518162;
128, 0.51692;
129, 0.517741;
130, 0.518521;
131, 0.518595;
132, 0.516665;
133, 0.514832;
134, 0.511757;
135, 0.509502;
136, 0.506027;
137, 0.505392;
138, 0.504123;
139, 0.50225;
140, 0.499804;
141, 0.498147;
142, 0.49724;
143, 0.495045;
144, 0.492292;
145, 0.490344;
146, 0.487827;
147, 0.486769;
148, 0.484431;
149, 0.482876;
150, 0.480732;
151, 0.478029;
152, 0.474794;
153, 0.473054;
154, 0.470735;
155, 0.467865;
156, 0.465805;
157, 0.463181;
158, 0.460689;
159, 0.458321;
160, 0.457405;
161, 0.455868;
162, 0.453741;
163, 0.453054;
164, 0.449735;
165, 0.446582;
166, 0.443586;
167, 0.440073;
168, 0.434736;
169, 0.430333;
170, 0.425483;
171, 0.419542;
172, 0.410565;
173, 0.39937;
174, 0.386735;
175, 0.379398;
176, 0.367095;
177, 0.35074;
178, 0.337203;
179, 0.32101;
180, 0.306292;
181, 0.301644;
182, 0.286562;
183, 0.280234;
184, 0.270889;
185, 0.266011;
186, 0.264044;
187, 0.259509;
188, 0.2612;
189, 0.262806;
190, 0.260999;
191, 0.262616;
192, 0.260819;
193, 0.257111;
194, 0.259589;
195, 0.261943;
196, 0.262846;
197, 0.263703;
198, 0.266518;
199, 0.267192;
200, 0.267833;
201, 0.262441;
202, 0.257986;
203, 0.255086;
204, 0.249665;
205, 0.243182;
206, 0.24169;
207, 0.246272;
208, 0.245292;
209, 0.245694;
210, 0.248742;
211, 0.250972;
212, 0.25109;
213, 0.255869;
214, 0.259742;
215, 0.262088;
216, 0.266984;
217, 0.271635;
218, 0.274053;
219, 0.27635;
220, 0.277199;
221, 0.279339;
222, 0.281372;
223, 0.284637;
224, 0.288405;
225, 0.291985;
226, 0.296719;
227, 0.301217;
228, 0.305489;
229, 0.309548;
230, 0.314071;
231, 0.3177;
232, 0.321149;
233, 0.324425;
234, 0.327537;
235, 0.330493;
236, 0.332635;
237, 0.335337;
238, 0.33657;
239, 0.335741;
240, 0.337621;
241, 0.337407;
242, 0.33787;
243, 0.337643;
244, 0.336094;
245, 0.321289;
246, 0.317225;
247, 0.311364;
248, 0.308462;
249, 0.305706;
250, 0.30442;
251, 0.301866;
252, 0.298106;
253, 0.291867;
254, 0.286607;
255, 0.276944;
256, 0.267763;
257, 0.264375;
258, 0.26049;
259, 0.259465;
260, 0.251825;
261, 0.249234;
262, 0.246772;
263, 0.245767;
264, 0.243479;
265, 0.237971;
266, 0.236739;
267, 0.231569;
268, 0.221324;
269, 0.224258;
270, 0.227712;
271, 0.232993;
272, 0.23801;
273, 0.241443;
274, 0.244704;
275, 0.249802;
276, 0.260645;
277, 0.27228;
278, 0.283332;
279, 0.293166;
280, 0.303841;
281, 0.314649;
282, 0.323583;
283, 0.331404;
284, 0.338834;
285, 0.345225;
286, 0.352631;
287, 0.359666;
288, 0.367016;
289, 0.373332;
290, 0.379332;
291, 0.385032;
292, 0.391114;
293, 0.396225;
294, 0.402413;
295, 0.408293;
296, 0.413878;
297, 0.419184;
298, 0.424225;
299, 0.429014;
300, 0.433563;
301, 0.437885;
302, 0.442657;
303, 0.447191;
304, 0.452165;
305, 0.456223;
306, 0.460745;
307, 0.465042;
308, 0.470456;
309, 0.474933;
310, 0.47852;
311, 0.481927;
312, 0.485164;
313, 0.489573;
314, 0.493761;
315, 0.497739;
316, 0.500852;
317, 0.504476;
318, 0.508586;
319, 0.511823;
320, 0.514232;
321, 0.516521;
322, 0.518695;
323, 0.521426;
324, 0.526688;
325, 0.537021;
326, 0.553503;
327, 0.567161;
328, 0.580136;
329, 0.595796;
330, 0.61134;
331, 0.62544;
332, 0.638834;
333, 0.650892;
334, 0.663015;
335, 0.67253;
336, 0.681571;
337, 0.690159;
338, 0.697651;
339, 0.704768;
340, 0.710863;
341, 0.715987;
342, 0.720187;
343, 0.724845;
344, 0.729936;
345, 0.734772;
346, 0.738034;
347, 0.742465;
348, 0.746675;
349, 0.750008;
350, 0.751841;
351, 0.754916;
352, 0.757837;
353, 0.766612;
354, 0.774281;
355, 0.784234;
356, 0.793689;
357, 0.798671;
358, 0.800737;
359, 0.801367;
360, 0.801299;
361, 0.8019;
362, 0.802472;
363, 0.803682;
364, 0.803498;
365, 0.803323;
366, 0.803823;
367, 0.802966;
368, 0.802817;
369, 0.802676;
370, 0.801876;
371, 0.801782;
372, 0.801693;
373, 0.800275;
374, 0.800261;
375, 0.799582;
376, 0.799602;
377, 0.799622;
378, 0.800308;
379, 0.799626;
380, 0.798978;
381, 0.798362;
382, 0.797778;
383, 0.797222;
384, 0.795361;
385, 0.794259;
386, 0.793213;
387, 0.790886;
388, 0.789342;
389, 0.787208;
390, 0.785181;
391, 0.783255;
392, 0.781426;
393, 0.781021;
394, 0.77997;
395, 0.778971;
396, 0.77869;
397, 0.779088;
398, 0.778801;
399, 0.777861;
400, 0.778968;
401, 0.780686;
402, 0.783652;
403, 0.785802;
404, 0.789179;
405, 0.792387;
406, 0.794767;
407, 0.797696;
408, 0.799811;
409, 0.802487;
410, 0.805696;
411, 0.808078;
412, 0.810341;
413, 0.81249;
414, 0.814532;
415, 0.817139;
416, 0.821615;
417, 0.825868;
418, 0.828575;
419, 0.831146;
420, 0.833589;
421, 0.836576;
422, 0.838747;
423, 0.84081;
424, 0.842103;
425, 0.843331;
426, 0.845164;
427, 0.846906;
428, 0.848561;
429, 0.850799;
430, 0.852259;
431, 0.854313;
432, 0.855597;
433, 0.856818;
434, 0.857977;
435, 0.859078;
436, 0.860124;
437, 0.861118;
438, 0.862729;
439, 0.864259;
440, 0.865712;
441, 0.867094;
442, 0.869072;
443, 0.870285;
444, 0.871438;
445, 0.871866;
446, 0.872272;
447, 0.872659;
448, 0.873026;
449, 0.874041;
450, 0.874339;
451, 0.874622;
452, 0.873558;
453, 0.87388;
454, 0.874186;
455, 0.87381;
456, 0.874119;
457, 0.873747;
458, 0.872059;
459, 0.87179;
460, 0.8702;
461, 0.86869;
462, 0.867922;
463, 0.867193;
464, 0.867167;
465, 0.867142;
466, 0.867118;
467, 0.867095;
468, 0.867741;
469, 0.868354;
470, 0.868936;
471, 0.870156;
472, 0.871315;
473, 0.871749;
474, 0.873495;
475, 0.874487;
476, 0.876762;
477, 0.878924;
478, 0.880978;
479, 0.882929;
480, 0.885449;
481, 0.887177;
482, 0.888151;
483, 0.889077;
484, 0.889957;
485, 0.888792;
486, 0.887686;
487, 0.887302;
488, 0.88627;
489, 0.885956;
490, 0.885659;
491, 0.884709;
492, 0.883807;
493, 0.882283;
494, 0.880836;
495, 0.880794;
496, 0.880087;
497, 0.87875;
498, 0.877479;
499, 0.876272;
500, 0.875125;
501, 0.872035;
502, 0.870433;
503, 0.868245;
504, 0.866166;
505, 0.864858;
506, 0.862948;
507, 0.861801;
508, 0.860711;
509, 0.860342;
510, 0.858658;
511, 0.857059;
512, 0.855539;
513, 0.854095;
514, 0.853391;
515, 0.852054;
516, 0.851452;
517, 0.850879;
518, 0.849669;
519, 0.848518;
520, 0.846759;
521, 0.845755;
522, 0.845467;
523, 0.844527;
524, 0.843634;
525, 0.842785;
526, 0.84198;
527, 0.841214;
528, 0.84182;
529, 0.842395;
530, 0.844276;
531, 0.846729;
532, 0.848392;
533, 0.849973;
534, 0.850807;
535, 0.852267;
536, 0.853654;
537, 0.854971;
538, 0.856222;
539, 0.857411;
540, 0.858541;
541, 0.859614;
542, 0.8613;
543, 0.862235;
544, 0.865123;
545, 0.8652;
546, 0.867273;
547, 0.869243;
548, 0.870448;
549, 0.871592;
550, 0.873346;
551, 0.875678;
552, 0.877228;
553, 0.8787;
554, 0.880765;
555, 0.88406;
556, 0.886523;
557, 0.888864;
558, 0.891754;
559, 0.895166;
560, 0.897741;
561, 0.900188;
562, 0.902512;
563, 0.904719;
564, 0.906817;
565, 0.908143;
566, 0.910069;
567, 0.912565;
568, 0.913604;
569, 0.91459;
570, 0.916194;
571, 0.919051;
572, 0.921098;
573, 0.921044;
574, 0.918325;
575, 0.913742;
576, 0.908055;
577, 0.907319;
578, 0.907953;
579, 0.905888;
580, 0.898594;
581, 0.890998;
582, 0.885781;
583, 0.883492;
584, 0.881984;
585, 0.877885;
586, 0.877324;
587, 0.876124;
588, 0.875652;
589, 0.875869;
590, 0.876076;
591, 0.876272;
592, 0.875125;
593, 0.874035;
594, 0.871667;
595, 0.870083;
596, 0.868579;
597, 0.867817;
598, 0.865093;
599, 0.862505;
600, 0.85938;
601, 0.857077;
602, 0.853557;
603, 0.850879;
604, 0.847668;
605, 0.845285;
606, 0.842354;
607, 0.83957;
608, 0.836258;
609, 0.832445;
610, 0.827489;
611, 0.822782;
612, 0.817642;
613, 0.811427;
614, 0.806189;
615, 0.800546;
616, 0.795852;
617, 0.791393;
618, 0.787823;
619, 0.785099;
620, 0.782511;
621, 0.779385;
622, 0.775749;
623, 0.772962;
624, 0.77098;
625, 0.768431;
626, 0.76601;
627, 0.763709;
628, 0.760857;
629, 0.756814;
630, 0.750973;
631, 0.745425;
632, 0.740154;
633, 0.736479;
634, 0.731655;
635, 0.726406;
636, 0.721419;
637, 0.713348;
638, 0.707681;
639, 0.702296;
640, 0.697848;
641, 0.693623;
642, 0.689608;
643, 0.687128;
644, 0.685438;
645, 0.686499;
646, 0.690841;
647, 0.695632;
648, 0.700851;
649, 0.704475;
650, 0.711251;
651, 0.718355;
652, 0.728438;
653, 0.740682;
654, 0.751648;
655, 0.763399;
656, 0.774562;
657, 0.785168;
658, 0.795909;
659, 0.805447;
660, 0.813841;
661, 0.822483;
662, 0.830025;
663, 0.836524;
664, 0.842031;
665, 0.847263;
666, 0.850233;
667, 0.853721;
668, 0.855702;
669, 0.85825;
670, 0.860671;
671, 0.861638;
672, 0.864556;
673, 0.865328;
674, 0.864728;
675, 0.863492;
676, 0.864984;
677, 0.871068;
678, 0.876848;
679, 0.878339;
680, 0.880422;
681, 0.878401;
682, 0.875147;
683, 0.872723;
684, 0.868421;
685, 0.864333;
686, 0.86045;
687, 0.855427;
688, 0.850656;
689, 0.84479;
690, 0.84055;
691, 0.836523;
692, 0.833363;
693, 0.829028;
694, 0.824244;
695, 0.819698;
696, 0.81538;
697, 0.810611;
698, 0.806747;
699, 0.803743;
700, 0.799556;
701, 0.796245;
702, 0.793099;
703, 0.788777;
704, 0.786672;
705, 0.784672;
706, 0.782771;
707, 0.781633;
708, 0.782551;
709, 0.782757;
710, 0.784286;
711, 0.786405;
712, 0.787751;
713, 0.789697;
714, 0.791546;
715, 0.793968;
716, 0.796937;
717, 0.799756;
718, 0.801102;
719, 0.80238;
720, 0.804928;
721, 0.806015;
722, 0.807714;
723, 0.804662;
724, 0.802429;
725, 0.800974;
726, 0.800258;
727, 0.798912;
728, 0.799633;
729, 0.799652;
730, 0.800336;
731, 0.800319;
732, 0.800303;
733, 0.800954;
734, 0.80224;
735, 0.802795;
736, 0.803322;
737, 0.803822;
738, 0.803631;
739, 0.804116;
740, 0.805244;
741, 0.806315;
742, 0.808666;
743, 0.810233;
744, 0.811721;
745, 0.813802;
746, 0.815778;
747, 0.816989;
748, 0.818806;
749, 0.820533;
750, 0.822173;
751, 0.822397;
752, 0.822611;
753, 0.82148;
754, 0.81974;
755, 0.817419;
756, 0.814548;
757, 0.811154;
758, 0.807263;
759, 0.803567;
760, 0.799388;
761, 0.795419;
762, 0.791648;
763, 0.786066;
764, 0.780762;
765, 0.775724;
766, 0.770271;
767, 0.765758;
768, 0.76147;
769, 0.757396;
770, 0.754193;
771, 0.750484;
772, 0.747626;
773, 0.744911;
774, 0.741666;
775, 0.739916;
776, 0.73892;
777, 0.737307;
778, 0.737775;
779, 0.73822;
780, 0.737976;
781, 0.73841;
782, 0.738156;
783, 0.738582;
784, 0.738986;
785, 0.740037;
786, 0.739702;
787, 0.739383;
788, 0.740414;
789, 0.740727;
790, 0.741024;
791, 0.740639;
792, 0.740274;
793, 0.739927;
794, 0.738931;
795, 0.737984;
796, 0.737085;
797, 0.736231;
798, 0.736086;
799, 0.735281;
800, 0.735851;
801, 0.735725;
802, 0.735605;
803, 0.735492;
804, 0.73605;
805, 0.735915;
806, 0.735119;
807, 0.73503;
808, 0.734278;
809, 0.734231;
810, 0.733519;
811, 0.73351;
812, 0.732168;
813, 0.730893;
814, 0.729015;
815, 0.727231;
816, 0.725536;
817, 0.723259;
818, 0.720429;
819, 0.719075;
820, 0.718454;
