1, 0.;
2, 0.079346;
3, 0.078157;
4, 0.077026;
5, 0.075953;
6, 0.074933;
7, 0.075353;
8, 0.075752;
9, 0.076131;
10, 0.076491;
11, 0.076833;
12, 0.078547;
13, 0.080175;
14, 0.081722;
15, 0.084581;
16, 0.087296;
17, 0.089876;
18, 0.092326;
19, 0.096043;
20, 0.099574;
21, 0.102929;
22, 0.106116;
23, 0.110532;
24, 0.114728;
25, 0.118714;
26, 0.1225;
27, 0.127486;
28, 0.132223;
29, 0.136723;
30, 0.140998;
31, 0.146448;
32, 0.151626;
33, 0.156545;
34, 0.161217;
35, 0.167045;
36, 0.172582;
37, 0.177842;
38, 0.182839;
39, 0.188974;
40, 0.194803;
41, 0.200341;
42, 0.205602;
43, 0.210599;
44, 0.216736;
45, 0.222566;
46, 0.228104;
47, 0.233366;
48, 0.238364;
49, 0.244502;
50, 0.250332;
51, 0.255871;
52, 0.261133;
53, 0.267521;
54, 0.273589;
55, 0.279354;
56, 0.284831;
57, 0.290034;
58, 0.294977;
59, 0.301061;
60, 0.306841;
61, 0.312333;
62, 0.317549;
63, 0.322505;
64, 0.328602;
65, 0.334394;
66, 0.339897;
67, 0.345124;
68, 0.35009;
69, 0.356197;
70, 0.361998;
71, 0.367509;
72, 0.374134;
73, 0.380427;
74, 0.386406;
75, 0.392085;
76, 0.39887;
77, 0.405315;
78, 0.411439;
79, 0.417256;
80, 0.422782;
81, 0.42942;
82, 0.435727;
83, 0.441719;
84, 0.44741;
85, 0.452818;
86, 0.457955;
87, 0.462835;
88, 0.46886;
89, 0.474583;
90, 0.480021;
91, 0.485186;
92, 0.490094;
93, 0.494756;
94, 0.499185;
95, 0.503392;
96, 0.507389;
97, 0.512575;
98, 0.517502;
99, 0.522182;
100, 0.526629;
101, 0.530853;
102, 0.534866;
103, 0.538678;
104, 0.5423;
105, 0.54574;
106, 0.549009;
107, 0.552114;
108, 0.555064;
109, 0.557866;
110, 0.561917;
111, 0.565766;
112, 0.569422;
113, 0.572895;
114, 0.576195;
115, 0.57933;
116, 0.582308;
117, 0.585137;
118, 0.587824;
119, 0.590378;
120, 0.592803;
121, 0.595107;
122, 0.597297;
123, 0.599376;
124, 0.601352;
125, 0.603229;
126, 0.605012;
127, 0.606706;
128, 0.608315;
129, 0.609843;
130, 0.612685;
131, 0.613995;
132, 0.616628;
133, 0.61913;
134, 0.621507;
135, 0.623765;
136, 0.62591;
137, 0.627948;
138, 0.629884;
139, 0.631723;
140, 0.63347;
141, 0.63513;
142, 0.636707;
143, 0.638205;
144, 0.639628;
145, 0.64098;
146, 0.642264;
147, 0.643484;
148, 0.644643;
149, 0.645745;
150, 0.646791;
151, 0.647785;
152, 0.648729;
153, 0.649626;
154, 0.650478;
155, 0.651287;
156, 0.652056;
157, 0.652787;
158, 0.653481;
159, 0.65414;
160, 0.654766;
161, 0.655361;
162, 0.654538;
163, 0.655144;
164, 0.65572;
165, 0.656268;
166, 0.656787;
167, 0.657281;
168, 0.657751;
169, 0.658197;
170, 0.65862;
171, 0.659022;
172, 0.659405;
173, 0.659768;
174, 0.660113;
175, 0.66044;
176, 0.660752;
177, 0.661047;
178, 0.661328;
179, 0.661595;
180, 0.661849;
181, 0.66209;
182, 0.662319;
183, 0.662536;
184, 0.662742;
185, 0.662939;
186, 0.664514;
187, 0.666011;
188, 0.667432;
189, 0.668783;
190, 0.670066;
191, 0.671285;
192, 0.672443;
193, 0.673543;
194, 0.674588;
195, 0.67697;
196, 0.679232;
197, 0.681382;
198, 0.683424;
199, 0.685364;
200, 0.687207;
201, 0.688957;
202, 0.690621;
203, 0.692201;
204, 0.693702;
205, 0.695128;
206, 0.696483;
207, 0.69777;
208, 0.698992;
209, 0.700154;
210, 0.701257;
211, 0.702305;
212, 0.703301;
213, 0.704247;
214, 0.705146;
215, 0.706;
216, 0.706811;
217, 0.707582;
218, 0.708314;
219, 0.709009;
220, 0.70967;
221, 0.710297;
222, 0.710894;
223, 0.71146;
224, 0.711998;
225, 0.712509;
226, 0.712995;
227, 0.713456;
228, 0.713895;
229, 0.714311;
230, 0.714707;
231, 0.715082;
232, 0.715439;
233, 0.715778;
234, 0.716101;
235, 0.716407;
236, 0.716698;
237, 0.716974;
238, 0.717236;
239, 0.717485;
240, 0.717722;
241, 0.717947;
242, 0.718161;
243, 0.718364;
244, 0.718557;
245, 0.71874;
246, 0.718914;
247, 0.71908;
248, 0.719237;
249, 0.719386;
250, 0.719528;
251, 0.72244;
252, 0.725207;
253, 0.729225;
254, 0.73443;
255, 0.739375;
256, 0.744073;
257, 0.748536;
258, 0.752776;
259, 0.756804;
260, 0.76063;
261, 0.764266;
262, 0.767719;
263, 0.771;
264, 0.774116;
265, 0.777077;
266, 0.77989;
267, 0.782562;
268, 0.785101;
269, 0.787512;
270, 0.789803;
271, 0.79198;
272, 0.794048;
273, 0.796012;
274, 0.797878;
275, 0.799651;
276, 0.801335;
277, 0.802935;
278, 0.804455;
279, 0.805899;
280, 0.80727;
281, 0.808573;
282, 0.809811;
283, 0.810988;
284, 0.812105;
285, 0.814555;
286, 0.815494;
287, 0.817775;
288, 0.818553;
289, 0.820681;
290, 0.822702;
291, 0.824623;
292, 0.826447;
293, 0.82818;
294, 0.831216;
295, 0.835488;
296, 0.839547;
297, 0.843403;
298, 0.847066;
299, 0.850546;
300, 0.853852;
301, 0.856993;
302, 0.859977;
303, 0.862811;
304, 0.865504;
305, 0.868062;
306, 0.870492;
307, 0.872801;
308, 0.874994;
309, 0.877078;
310, 0.879057;
311, 0.880938;
312, 0.882724;
313, 0.884421;
314, 0.886034;
315, 0.887565;
316, 0.88902;
317, 0.890403;
318, 0.891716;
319, 0.892963;
320, 0.894149;
321, 0.895275;
322, 0.896344;
323, 0.89736;
324, 0.898326;
325, 0.899243;
326, 0.900114;
327, 0.900941;
328, 0.901728;
329, 0.902475;
330, 0.903184;
331, 0.903858;
332, 0.904499;
333, 0.905107;
334, 0.905685;
335, 0.906234;
336, 0.906756;
337, 0.907251;
338, 0.907722;
339, 0.908169;
340, 0.908594;
341, 0.908998;
342, 0.909381;
343, 0.906968;
344, 0.903286;
345, 0.899788;
346, 0.896466;
347, 0.893309;
348, 0.89031;
349, 0.887461;
350, 0.884755;
351, 0.882184;
352, 0.88113;
353, 0.87874;
354, 0.877859;
355, 0.877022;
356, 0.876226;
357, 0.87547;
358, 0.874752;
359, 0.87407;
360, 0.873422;
361, 0.872807;
362, 0.872222;
363, 0.871666;
364, 0.871139;
365, 0.870637;
366, 0.870161;
367, 0.869708;
368, 0.869279;
369, 0.86887;
370, 0.868482;
371, 0.868114;
372, 0.867764;
373, 0.867431;
374, 0.867115;
375, 0.866815;
376, 0.86653;
377, 0.866259;
378, 0.866001;
379, 0.865757;
380, 0.865525;
381, 0.865304;
382, 0.865094;
383, 0.864895;
384, 0.864706;
385, 0.864526;
386, 0.864355;
387, 0.864193;
388, 0.864039;
389, 0.863893;
390, 0.863754;
391, 0.863621;
392, 0.863496;
393, 0.863377;
394, 0.861875;
395, 0.859059;
396, 0.854995;
397, 0.851134;
398, 0.847466;
399, 0.843982;
400, 0.840671;
401, 0.837527;
402, 0.834539;
403, 0.831701;
404, 0.829005;
405, 0.826444;
406, 0.82401;
407, 0.823088;
408, 0.822211;
409, 0.821378;
410, 0.820587;
411, 0.819835;
412, 0.819121;
413, 0.818443;
414, 0.817799;
415, 0.817187;
416, 0.816605;
417, 0.816053;
418, 0.815528;
419, 0.815029;
420, 0.815944;
421, 0.816814;
422, 0.819029;
423, 0.819744;
424, 0.820423;
425, 0.821069;
426, 0.821682;
427, 0.822265;
428, 0.822818;
429, 0.823344;
430, 0.823843;
431, 0.824318;
432, 0.824769;
433, 0.825197;
434, 0.825604;
435, 0.82599;
436, 0.826357;
437, 0.826706;
438, 0.827037;
439, 0.827352;
440, 0.827651;
441, 0.827935;
442, 0.828205;
443, 0.828462;
444, 0.828705;
445, 0.828937;
446, 0.829157;
447, 0.829365;
448, 0.829564;
449, 0.829752;
450, 0.829931;
451, 0.830101;
452, 0.830263;
453, 0.830417;
454, 0.830562;
455, 0.830701;
456, 0.830833;
457, 0.830958;
458, 0.831076;
459, 0.831189;
460, 0.831296;
461, 0.831398;
462, 0.831495;
463, 0.831587;
464, 0.831674;
465, 0.831757;
466, 0.831836;
467, 0.831911;
468, 0.831982;
469, 0.83205;
470, 0.832114;
471, 0.832175;
472, 0.832233;
473, 0.833677;
474, 0.833659;
475, 0.833643;
476, 0.833628;
477, 0.833613;
478, 0.834988;
479, 0.836294;
480, 0.837535;
481, 0.838714;
482, 0.839834;
483, 0.842286;
484, 0.846005;
485, 0.849538;
486, 0.852895;
487, 0.856083;
488, 0.859113;
489, 0.86199;
490, 0.864724;
491, 0.867321;
492, 0.869788;
493, 0.872132;
494, 0.874359;
495, 0.876474;
496, 0.878484;
497, 0.880393;
498, 0.882207;
499, 0.88393;
500, 0.885567;
501, 0.887122;
502, 0.888599;
503, 0.890002;
504, 0.891336;
505, 0.892602;
506, 0.893805;
507, 0.894948;
508, 0.896034;
509, 0.898455;
510, 0.900754;
511, 0.902939;
512, 0.905014;
513, 0.906986;
514, 0.908859;
515, 0.910638;
516, 0.912328;
517, 0.913934;
518, 0.91546;
519, 0.916909;
520, 0.918286;
521, 0.919594;
522, 0.920836;
523, 0.922016;
524, 0.923138;
525, 0.924203;
526, 0.925215;
527, 0.927566;
528, 0.929798;
529, 0.93192;
530, 0.933935;
531, 0.935849;
532, 0.937668;
533, 0.939395;
534, 0.941037;
535, 0.942596;
536, 0.944077;
537, 0.945485;
538, 0.946822;
539, 0.948092;
540, 0.949298;
541, 0.950444;
542, 0.951533;
543, 0.952568;
544, 0.95355;
545, 0.954484;
546, 0.955371;
547, 0.956213;
548, 0.957014;
549, 0.957774;
550, 0.958497;
551, 0.959183;
552, 0.959835;
553, 0.960454;
554, 0.961043;
555, 0.961602;
556, 0.962133;
557, 0.962637;
558, 0.963116;
559, 0.963572;
560, 0.964004;
561, 0.964415;
562, 0.964805;
563, 0.965176;
564, 0.965529;
565, 0.965863;
566, 0.966181;
567, 0.966483;
568, 0.96677;
569, 0.967043;
570, 0.967302;
571, 0.967548;
572, 0.967782;
573, 0.968004;
574, 0.968215;
575, 0.968415;
576, 0.968605;
577, 0.968786;
578, 0.968958;
579, 0.969121;
580, 0.969276;
581, 0.969423;
582, 0.969563;
583, 0.969696;
584, 0.969823;
585, 0.969943;
586, 0.970057;
587, 0.970165;
588, 0.970268;
589, 0.970365;
590, 0.970458;
591, 0.970547;
592, 0.97063;
593, 0.97071;
594, 0.970785;
595, 0.970857;
596, 0.970926;
597, 0.97099;
598, 0.971052;
599, 0.971111;
600, 0.971166;
601, 0.971219;
602, 0.971269;
603, 0.971317;
604, 0.971362;
605, 0.971405;
606, 0.971446;
607, 0.970096;
608, 0.968813;
609, 0.967595;
610, 0.966437;
611, 0.965338;
612, 0.964293;
613, 0.963301;
614, 0.962358;
615, 0.961462;
616, 0.962;
617, 0.962511;
618, 0.962997;
619, 0.963458;
620, 0.963896;
621, 0.962924;
622, 0.962;
623, 0.962511;
624, 0.962996;
625, 0.963458;
626, 0.963896;
627, 0.964312;
628, 0.964708;
629, 0.963695;
630, 0.962732;
631, 0.961818;
632, 0.960949;
633, 0.960124;
634, 0.95934;
635, 0.958595;
636, 0.957888;
637, 0.957215;
638, 0.956577;
639, 0.95597;
640, 0.955394;
641, 0.954846;
642, 0.954326;
643, 0.953832;
644, 0.953363;
645, 0.952917;
646, 0.952493;
647, 0.952091;
648, 0.951709;
649, 0.952734;
650, 0.953709;
651, 0.956023;
652, 0.958222;
653, 0.960311;
654, 0.962295;
655, 0.964181;
656, 0.965972;
657, 0.967673;
658, 0.969289;
659, 0.970825;
660, 0.972284;
661, 0.973669;
662, 0.974986;
663, 0.976237;
664, 0.977425;
665, 0.978554;
666, 0.978237;
667, 0.977936;
668, 0.977651;
669, 0.977379;
670, 0.977121;
671, 0.976876;
672, 0.976644;
673, 0.976423;
674, 0.976213;
675, 0.976013;
676, 0.975824;
677, 0.975643;
678, 0.975472;
679, 0.97531;
680, 0.975155;
681, 0.975009;
682, 0.974869;
683, 0.974737;
684, 0.974611;
685, 0.974492;
686, 0.974378;
687, 0.974271;
688, 0.974168;
689, 0.974071;
690, 0.973978;
691, 0.973891;
692, 0.973807;
693, 0.973728;
694, 0.973653;
695, 0.973581;
696, 0.973513;
697, 0.97206;
698, 0.970679;
699, 0.969367;
700, 0.968121;
701, 0.966937;
702, 0.965813;
703, 0.964744;
704, 0.963729;
705, 0.962765;
706, 0.961849;
707, 0.960979;
708, 0.960152;
709, 0.959367;
710, 0.958621;
711, 0.957912;
712, 0.957238;
713, 0.956599;
714, 0.955991;
715, 0.955414;
716, 0.954865;
717, 0.954344;
718, 0.953849;
719, 0.953379;
720, 0.952932;
721, 0.952508;
722, 0.952105;
723, 0.951722;
724, 0.951358;
725, 0.951012;
726, 0.950684;
727, 0.950372;
728, 0.950075;
729, 0.949794;
730, 0.949526;
731, 0.949272;
732, 0.949031;
733, 0.948802;
734, 0.948584;
735, 0.948377;
736, 0.94818;
737, 0.947993;
738, 0.946427;
739, 0.944939;
740, 0.943525;
741, 0.942182;
742, 0.940907;
743, 0.939695;
744, 0.938543;
745, 0.937449;
746, 0.93641;
747, 0.935423;
748, 0.934485;
749, 0.933594;
750, 0.932748;
751, 0.931944;
752, 0.93118;
753, 0.930454;
754, 0.929765;
755, 0.92911;
756, 0.928488;
757, 0.927897;
758, 0.925946;
759, 0.924094;
760, 0.922333;
761, 0.920661;
762, 0.919073;
763, 0.917563;
764, 0.91613;
765, 0.914768;
766, 0.913474;
767, 0.912244;
768, 0.911077;
769, 0.911356;
770, 0.910233;
771, 0.909166;
772, 0.908152;
773, 0.907189;
774, 0.906274;
775, 0.906793;
776, 0.907287;
777, 0.907756;
778, 0.908201;
779, 0.908625;
780, 0.909027;
781, 0.909409;
782, 0.909772;
783, 0.910116;
784, 0.910444;
785, 0.910755;
786, 0.911051;
787, 0.911331;
788, 0.911598;
789, 0.911852;
790, 0.912092;
791, 0.912321;
792, 0.912538;
793, 0.912745;
794, 0.912941;
795, 0.913127;
796, 0.913304;
797, 0.913472;
798, 0.913632;
799, 0.915173;
800, 0.916636;
801, 0.918027;
802, 0.920736;
803, 0.923311;
804, 0.925756;
805, 0.92808;
806, 0.931676;
807, 0.935092;
808, 0.938337;
809, 0.94142;
810, 0.944349;
811, 0.945743;
812, 0.947067;
813, 0.948325;
814, 0.94952;
815, 0.950655;
816, 0.951733;
817, 0.952758;
818, 0.953731;
819, 0.954655;
820, 0.955534;
821, 0.956368;
822, 0.957161;
823, 0.957914;
824, 0.958629;
825, 0.95792;
826, 0.957246;
827, 0.956606;
828, 0.955998;
829, 0.95542;
830, 0.954872;
831, 0.95435;
832, 0.953855;
833, 0.953384;
834, 0.952937;
835, 0.952513;
836, 0.952109;
