1, 0.;
2, 0.954504;
3, 0.950112;
4, 0.94594;
5, 0.941976;
6, 0.938211;
7, 0.934633;
8, 0.931235;
9, 0.928007;
10, 0.92494;
11, 0.922026;
12, 0.919258;
13, 0.916628;
14, 0.91413;
15, 0.911757;
16, 0.909503;
17, 0.907361;
18, 0.905326;
19, 0.903393;
20, 0.90489;
21, 0.906312;
22, 0.90433;
23, 0.902447;
24, 0.900658;
25, 0.898958;
26, 0.897344;
27, 0.89581;
28, 0.894353;
29, 0.892968;
30, 0.891653;
31, 0.890404;
32, 0.889217;
33, 0.88809;
34, 0.887019;
35, 0.886001;
36, 0.885034;
37, 0.884116;
38, 0.883243;
39, 0.882415;
40, 0.881627;
41, 0.880879;
42, 0.880168;
43, 0.879493;
44, 0.878852;
45, 0.878243;
46, 0.877664;
47, 0.877114;
48, 0.876592;
49, 0.876095;
50, 0.875624;
51, 0.875176;
52, 0.874751;
53, 0.874346;
54, 0.873963;
55, 0.873598;
56, 0.873251;
57, 0.869589;
58, 0.866109;
59, 0.862804;
60, 0.859664;
61, 0.85668;
62, 0.853846;
63, 0.851154;
64, 0.848596;
65, 0.846166;
66, 0.843858;
67, 0.841665;
68, 0.839582;
69, 0.837603;
70, 0.835723;
71, 0.833937;
72, 0.83224;
73, 0.830628;
74, 0.829096;
75, 0.827642;
76, 0.826259;
77, 0.824947;
78, 0.823699;
79, 0.822514;
80, 0.821389;
81, 0.820319;
82, 0.819303;
83, 0.818338;
84, 0.817421;
85, 0.81655;
86, 0.815723;
87, 0.814936;
88, 0.81419;
89, 0.81348;
90, 0.812806;
91, 0.812166;
92, 0.811558;
93, 0.81098;
94, 0.810431;
95, 0.809909;
96, 0.809414;
97, 0.808943;
98, 0.808496;
99, 0.808071;
100, 0.807667;
101, 0.807284;
102, 0.80692;
103, 0.806574;
104, 0.806245;
105, 0.805933;
106, 0.805636;
107, 0.805354;
108, 0.805087;
109, 0.804832;
110, 0.804591;
111, 0.804361;
112, 0.804143;
113, 0.803936;
114, 0.803739;
115, 0.803552;
116, 0.803375;
117, 0.803206;
118, 0.803046;
119, 0.802893;
120, 0.802749;
121, 0.802611;
122, 0.802481;
123, 0.802357;
124, 0.802239;
125, 0.802127;
126, 0.802021;
127, 0.80192;
128, 0.801824;
129, 0.801732;
130, 0.801646;
131, 0.801563;
132, 0.801485;
133, 0.801411;
134, 0.80134;
135, 0.801273;
136, 0.80121;
137, 0.801149;
138, 0.801092;
139, 0.797704;
140, 0.797819;
141, 0.797928;
142, 0.798031;
143, 0.79813;
144, 0.798223;
145, 0.798312;
146, 0.798397;
147, 0.795143;
148, 0.795386;
149, 0.792284;
150, 0.789336;
151, 0.786536;
152, 0.783876;
153, 0.781349;
154, 0.778948;
155, 0.776667;
156, 0.7745;
157, 0.772442;
158, 0.770487;
159, 0.768629;
160, 0.766864;
161, 0.765188;
162, 0.763595;
163, 0.762082;
164, 0.760644;
165, 0.759279;
166, 0.757982;
167, 0.760083;
168, 0.758745;
169, 0.757474;
170, 0.756267;
171, 0.755121;
172, 0.754031;
173, 0.752996;
174, 0.752013;
175, 0.751079;
176, 0.750192;
177, 0.749349;
178, 0.748548;
179, 0.747788;
180, 0.747065;
181, 0.746378;
182, 0.745726;
183, 0.745106;
184, 0.744518;
185, 0.743959;
186, 0.743427;
187, 0.742923;
188, 0.742443;
189, 0.741988;
190, 0.741555;
191, 0.741144;
192, 0.740753;
193, 0.740382;
194, 0.74003;
195, 0.739695;
196, 0.739377;
197, 0.739075;
198, 0.738788;
199, 0.738515;
200, 0.738256;
201, 0.73801;
202, 0.737776;
203, 0.737554;
204, 0.737343;
205, 0.737142;
206, 0.736952;
207, 0.736771;
208, 0.736599;
209, 0.733102;
210, 0.733114;
211, 0.733125;
212, 0.733135;
213, 0.733145;
214, 0.733155;
215, 0.733164;
216, 0.733172;
217, 0.73318;
218, 0.733188;
219, 0.733195;
220, 0.733202;
221, 0.733209;
222, 0.733215;
223, 0.733221;
224, 0.733226;
225, 0.729898;
226, 0.726737;
227, 0.723733;
228, 0.72088;
229, 0.721503;
230, 0.718761;
231, 0.716156;
232, 0.713682;
233, 0.711331;
234, 0.712431;
235, 0.710143;
236, 0.711302;
237, 0.709071;
238, 0.70695;
239, 0.708269;
240, 0.706189;
241, 0.704213;
242, 0.705669;
243, 0.703719;
244, 0.701867;
245, 0.700107;
246, 0.698434;
247, 0.696846;
248, 0.695337;
249, 0.693904;
250, 0.692542;
251, 0.691248;
252, 0.690019;
253, 0.688851;
254, 0.687742;
255, 0.686688;
256, 0.685687;
257, 0.684736;
258, 0.687166;
259, 0.689474;
260, 0.688334;
261, 0.687251;
262, 0.686221;
263, 0.685244;
264, 0.684315;
265, 0.683432;
266, 0.682594;
267, 0.681798;
268, 0.681041;
269, 0.680323;
270, 0.682973;
271, 0.688824;
272, 0.694383;
273, 0.696331;
274, 0.698181;
275, 0.699938;
276, 0.701608;
277, 0.703194;
278, 0.708035;
279, 0.712633;
280, 0.717001;
281, 0.721151;
282, 0.725094;
283, 0.725506;
284, 0.725897;
285, 0.726269;
286, 0.726622;
287, 0.726958;
288, 0.727276;
289, 0.727579;
290, 0.727867;
291, 0.72814;
292, 0.7284;
293, 0.728647;
294, 0.728881;
295, 0.729104;
296, 0.729315;
297, 0.729516;
298, 0.729707;
299, 0.729888;
300, 0.73006;
301, 0.730224;
302, 0.73038;
303, 0.730527;
304, 0.730668;
305, 0.730801;
306, 0.730927;
307, 0.731048;
308, 0.731162;
309, 0.731271;
310, 0.731374;
311, 0.731472;
312, 0.731565;
313, 0.731653;
314, 0.731737;
315, 0.731817;
316, 0.731893;
317, 0.731965;
318, 0.732033;
319, 0.732098;
320, 0.73216;
321, 0.732219;
322, 0.728941;
323, 0.725827;
324, 0.722869;
325, 0.720059;
326, 0.71739;
327, 0.714853;
328, 0.712444;
329, 0.710155;
330, 0.707981;
331, 0.705915;
332, 0.703953;
333, 0.702088;
334, 0.700317;
335, 0.698635;
336, 0.697036;
337, 0.695518;
338, 0.694075;
339, 0.692705;
340, 0.691403;
341, 0.690166;
342, 0.688991;
343, 0.687875;
344, 0.686815;
345, 0.685807;
346, 0.68485;
347, 0.687274;
348, 0.689577;
349, 0.691765;
350, 0.693843;
351, 0.695818;
352, 0.697694;
353, 0.699476;
354, 0.701169;
355, 0.699443;
356, 0.701138;
357, 0.702748;
358, 0.704277;
359, 0.70573;
360, 0.70711;
361, 0.705088;
362, 0.699833;
363, 0.694842;
364, 0.6901;
365, 0.688928;
366, 0.687815;
367, 0.686758;
368, 0.685753;
369, 0.684799;
370, 0.683892;
371, 0.683031;
372, 0.682213;
373, 0.681435;
374, 0.680697;
375, 0.679995;
376, 0.679329;
377, 0.678696;
378, 0.678094;
379, 0.677523;
380, 0.67698;
381, 0.676464;
382, 0.675975;
383, 0.675509;
384, 0.675067;
385, 0.674647;
386, 0.674248;
387, 0.673869;
388, 0.673509;
389, 0.673167;
390, 0.672842;
391, 0.672533;
392, 0.67224;
393, 0.671961;
394, 0.671696;
395, 0.671445;
396, 0.671206;
397, 0.670979;
398, 0.670763;
399, 0.670559;
400, 0.667031;
401, 0.663679;
402, 0.660495;
403, 0.660804;
404, 0.661097;
405, 0.661375;
406, 0.66164;
407, 0.661891;
408, 0.66213;
409, 0.662357;
410, 0.662572;
411, 0.662777;
412, 0.662971;
413, 0.663156;
414, 0.663332;
415, 0.663499;
416, 0.663657;
417, 0.663807;
418, 0.66395;
419, 0.664086;
420, 0.664215;
421, 0.664338;
422, 0.664454;
423, 0.664565;
424, 0.66467;
425, 0.66477;
426, 0.664865;
427, 0.664955;
428, 0.66504;
429, 0.665122;
430, 0.661866;
431, 0.662106;
432, 0.659;
433, 0.659384;
434, 0.659748;
435, 0.660094;
436, 0.660422;
437, 0.660735;
438, 0.661031;
439, 0.65798;
440, 0.655081;
441, 0.65566;
442, 0.65621;
443, 0.656733;
444, 0.65723;
445, 0.657702;
446, 0.65815;
447, 0.658576;
448, 0.65898;
449, 0.659365;
450, 0.65973;
451, 0.660077;
452, 0.660406;
453, 0.660719;
454, 0.661016;
455, 0.661299;
456, 0.661567;
457, 0.658489;
458, 0.655565;
459, 0.652786;
460, 0.650147;
461, 0.64764;
462, 0.645258;
463, 0.642995;
464, 0.640845;
465, 0.638803;
466, 0.636863;
467, 0.63502;
468, 0.633269;
469, 0.631605;
470, 0.630025;
471, 0.628524;
472, 0.627097;
473, 0.625743;
474, 0.624455;
475, 0.623233;
476, 0.622071;
477, 0.620968;
478, 0.619919;
479, 0.618923;
480, 0.617977;
481, 0.617078;
482, 0.616224;
483, 0.615413;
484, 0.614642;
485, 0.61391;
486, 0.613215;
487, 0.612554;
488, 0.611926;
489, 0.61133;
490, 0.610763;
491, 0.610225;
492, 0.609714;
493, 0.609228;
494, 0.608767;
495, 0.608329;
496, 0.607912;
497, 0.607517;
498, 0.607141;
499, 0.606784;
500, 0.606444;
501, 0.606122;
502, 0.605816;
503, 0.605525;
504, 0.605249;
505, 0.604987;
506, 0.604737;
507, 0.6045;
508, 0.604275;
509, 0.604062;
510, 0.603859;
511, 0.576999;
512, 0.548149;
513, 0.524075;
514, 0.501204;
515, 0.482811;
516, 0.46867;
517, 0.455237;
518, 0.442475;
519, 0.433685;
520, 0.422;
521, 0.414234;
522, 0.406855;
523, 0.399846;
524, 0.393187;
525, 0.386861;
526, 0.380851;
527, 0.375142;
528, 0.373052;
529, 0.371066;
530, 0.369179;
531, 0.367387;
532, 0.365684;
533, 0.364067;
534, 0.36253;
535, 0.36107;
536, 0.359683;
537, 0.358366;
538, 0.357114;
539, 0.355925;
540, 0.354795;
541, 0.353722;
542, 0.352703;
543, 0.351734;
544, 0.350814;
545, 0.34994;
546, 0.34911;
547, 0.348321;
548, 0.347572;
549, 0.34686;
550, 0.346184;
551, 0.345541;
552, 0.344931;
553, 0.344351;
554, 0.3438;
555, 0.343277;
556, 0.342779;
557, 0.342307;
558, 0.341858;
559, 0.341432;
560, 0.341027;
561, 0.340643;
562, 0.340277;
563, 0.33993;
564, 0.3396;
565, 0.339287;
566, 0.338989;
567, 0.338706;
568, 0.338438;
569, 0.338182;
570, 0.33794;
571, 0.33771;
572, 0.337491;
573, 0.337283;
574, 0.337085;
575, 0.336898;
576, 0.33672;
577, 0.33655;
578, 0.336389;
579, 0.336237;
580, 0.336091;
581, 0.335954;
582, 0.335823;
583, 0.335698;
584, 0.33558;
585, 0.335468;
586, 0.335361;
587, 0.335259;
588, 0.335163;
589, 0.335072;
590, 0.334985;
591, 0.334902;
592, 0.334824;
593, 0.334749;
594, 0.334678;
595, 0.334611;
596, 0.334547;
597, 0.334487;
598, 0.334429;
599, 0.334374;
600, 0.334322;
601, 0.334273;
602, 0.334226;
603, 0.334181;
604, 0.334139;
605, 0.334098;
606, 0.33406;
607, 0.334024;
608, 0.333989;
609, 0.333957;
610, 0.333925;
611, 0.337229;
612, 0.340368;
613, 0.340016;
614, 0.339682;
615, 0.342698;
616, 0.342229;
617, 0.341785;
618, 0.344695;
619, 0.344127;
620, 0.343588;
621, 0.343075;
622, 0.342588;
623, 0.342125;
624, 0.341686;
625, 0.341268;
626, 0.340871;
627, 0.340494;
628, 0.34347;
629, 0.342963;
630, 0.342481;
631, 0.342024;
632, 0.341589;
633, 0.341177;
634, 0.340784;
635, 0.340412;
636, 0.340058;
637, 0.339722;
638, 0.339402;
639, 0.339099;
640, 0.338811;
641, 0.338537;
642, 0.338277;
643, 0.338029;
644, 0.337795;
645, 0.337572;
646, 0.33736;
647, 0.337158;
648, 0.336967;
649, 0.336785;
650, 0.336613;
651, 0.336449;
652, 0.336293;
653, 0.336145;
654, 0.336004;
655, 0.325871;
656, 0.312911;
657, 0.300598;
658, 0.288902;
659, 0.281123;
660, 0.273734;
661, 0.266714;
662, 0.263378;
663, 0.260209;
664, 0.257199;
665, 0.254339;
666, 0.254955;
667, 0.255541;
668, 0.256097;
669, 0.256626;
670, 0.257128;
671, 0.257605;
672, 0.258058;
673, 0.261822;
674, 0.265397;
675, 0.268794;
676, 0.272021;
677, 0.275086;
678, 0.277999;
679, 0.280766;
680, 0.283394;
681, 0.285891;
682, 0.288263;
683, 0.290517;
684, 0.292657;
685, 0.294691;
686, 0.296623;
687, 0.298459;
688, 0.300203;
689, 0.301859;
690, 0.303433;
691, 0.304928;
692, 0.306348;
693, 0.307697;
694, 0.308979;
695, 0.310197;
696, 0.311354;
697, 0.312453;
698, 0.313497;
699, 0.314489;
700, 0.315431;
701, 0.319659;
702, 0.320343;
703, 0.320992;
704, 0.324943;
705, 0.328696;
706, 0.328928;
707, 0.329148;
708, 0.33269;
709, 0.332723;
710, 0.332753;
711, 0.332782;
712, 0.33281;
713, 0.332836;
714, 0.332861;
715, 0.332884;
716, 0.33624;
717, 0.336095;
718, 0.335957;
719, 0.335826;
720, 0.335701;
721, 0.335583;
722, 0.33547;
723, 0.335363;
724, 0.335262;
725, 0.335165;
726, 0.335074;
727, 0.334987;
728, 0.334904;
729, 0.334826;
730, 0.334751;
731, 0.33468;
732, 0.334613;
733, 0.334549;
734, 0.334488;
735, 0.33443;
736, 0.334375;
737, 0.334323;
738, 0.334274;
739, 0.334227;
740, 0.334182;
741, 0.33414;
742, 0.334099;
743, 0.334061;
744, 0.334025;
745, 0.33399;
746, 0.333957;
747, 0.333926;
748, 0.333896;
749, 0.333868;
750, 0.333842;
751, 0.333816;
752, 0.333792;
753, 0.333769;
754, 0.333747;
755, 0.333727;
756, 0.333707;
757, 0.333688;
758, 0.33367;
759, 0.333654;
760, 0.333638;
761, 0.333622;
762, 0.333608;
763, 0.333594;
764, 0.333581;
765, 0.333569;
766, 0.333557;
767, 0.333546;
768, 0.333535;
769, 0.333525;
770, 0.333516;
771, 0.333506;
772, 0.333498;
773, 0.33349;
774, 0.333482;
775, 0.333474;
776, 0.333467;
777, 0.333461;
778, 0.333454;
779, 0.333448;
780, 0.333442;
781, 0.333437;
782, 0.333432;
783, 0.333427;
784, 0.333422;
785, 0.333418;
786, 0.333414;
787, 0.33341;
788, 0.333406;
789, 0.333402;
790, 0.333399;
791, 0.333395;
792, 0.333392;
793, 0.333389;
794, 0.333387;
795, 0.333384;
796, 0.333381;
797, 0.333379;
798, 0.333377;
799, 0.333375;
800, 0.333372;
801, 0.33337;
802, 0.333369;
803, 0.333367;
804, 0.333365;
805, 0.333364;
806, 0.333362;
807, 0.333361;
808, 0.333359;
809, 0.333358;
810, 0.333357;
811, 0.333356;
812, 0.333354;
813, 0.333353;
