1, 0.;
2, 0.352052;
3, 0.363717;
4, 0.37358;
5, 0.38295;
6, 0.391851;
7, 0.397868;
8, 0.407243;
9, 0.41371;
10, 0.418635;
11, 0.425752;
12, 0.433732;
13, 0.440095;
14, 0.447358;
15, 0.453039;
16, 0.455997;
17, 0.458807;
18, 0.461476;
19, 0.466451;
20, 0.467519;
21, 0.467314;
22, 0.468338;
23, 0.469312;
24, 0.470236;
25, 0.468676;
26, 0.467193;
27, 0.465785;
28, 0.465666;
29, 0.465554;
30, 0.465447;
31, 0.465345;
32, 0.467687;
33, 0.466254;
34, 0.467332;
35, 0.465916;
36, 0.465791;
37, 0.465673;
38, 0.46556;
39, 0.466672;
40, 0.466509;
41, 0.467574;
42, 0.468585;
43, 0.469546;
44, 0.470459;
45, 0.471327;
46, 0.472151;
47, 0.472933;
48, 0.473677;
49, 0.474383;
50, 0.475054;
51, 0.475692;
52, 0.476297;
53, 0.478092;
54, 0.481017;
55, 0.482576;
56, 0.484057;
57, 0.486683;
58, 0.490398;
59, 0.492707;
60, 0.494901;
61, 0.498205;
62, 0.501343;
63, 0.505545;
64, 0.508316;
65, 0.50973;
66, 0.513511;
67, 0.517104;
68, 0.519298;
69, 0.522601;
70, 0.52452;
71, 0.526343;
72, 0.529294;
73, 0.532097;
74, 0.53598;
75, 0.53845;
76, 0.542015;
77, 0.546622;
78, 0.555876;
79, 0.567106;
80, 0.577775;
81, 0.587911;
82, 0.59754;
83, 0.605468;
84, 0.612999;
85, 0.617715;
86, 0.620976;
87, 0.624073;
88, 0.628236;
89, 0.63219;
90, 0.635946;
91, 0.639515;
92, 0.641685;
93, 0.646186;
94, 0.652901;
95, 0.658061;
96, 0.662963;
97, 0.6664;
98, 0.669666;
99, 0.671548;
100, 0.673337;
101, 0.675036;
102, 0.67543;
103, 0.675805;
104, 0.674942;
105, 0.672902;
106, 0.670964;
107, 0.667904;
108, 0.666216;
109, 0.664612;
110, 0.663089;
111, 0.660422;
112, 0.657889;
113, 0.655482;
114, 0.654416;
115, 0.652183;
116, 0.650061;
117, 0.646827;
118, 0.646192;
119, 0.644371;
120, 0.648737;
121, 0.645569;
122, 0.644998;
123, 0.642016;
124, 0.639184;
125, 0.636493;
126, 0.633936;
127, 0.632727;
128, 0.636457;
129, 0.64;
130, 0.649463;
131, 0.659673;
132, 0.670592;
133, 0.682184;
134, 0.691977;
135, 0.698842;
136, 0.7139;
137, 0.720888;
138, 0.727526;
139, 0.731394;
140, 0.732629;
141, 0.731364;
142, 0.731381;
143, 0.727738;
144, 0.724278;
145, 0.720991;
146, 0.717869;
147, 0.714902;
148, 0.709645;
149, 0.70587;
150, 0.697406;
151, 0.686926;
152, 0.678189;
153, 0.669889;
154, 0.666883;
155, 0.661587;
156, 0.657776;
157, 0.651717;
158, 0.64718;
159, 0.642869;
160, 0.639994;
161, 0.633604;
162, 0.626314;
163, 0.620608;
164, 0.611529;
165, 0.604123;
166, 0.595868;
167, 0.586807;
168, 0.578198;
169, 0.57002;
170, 0.562251;
171, 0.55365;
172, 0.543041;
173, 0.532962;
174, 0.527046;
175, 0.517767;
176, 0.508951;
177, 0.501797;
178, 0.49378;
179, 0.487384;
180, 0.480088;
181, 0.471937;
182, 0.467852;
183, 0.463972;
184, 0.460285;
185, 0.454344;
186, 0.44992;
187, 0.445716;
188, 0.441723;
189, 0.43671;
190, 0.430728;
191, 0.423826;
192, 0.418489;
193, 0.412198;
194, 0.406222;
195, 0.400546;
196, 0.395152;
197, 0.390029;
198, 0.385162;
199, 0.380538;
200, 0.374925;
201, 0.370813;
202, 0.368126;
203, 0.364354;
204, 0.360771;
205, 0.357366;
206, 0.352913;
207, 0.349901;
208, 0.34704;
209, 0.341883;
210, 0.338204;
211, 0.335928;
212, 0.332546;
213, 0.329333;
214, 0.326281;
215, 0.32704;
216, 0.328981;
217, 0.328386;
218, 0.32782;
219, 0.326063;
220, 0.323175;
221, 0.32165;
222, 0.318982;
223, 0.316448;
224, 0.31404;
225, 0.310533;
226, 0.307202;
227, 0.302817;
228, 0.297432;
229, 0.294756;
230, 0.289774;
231, 0.285042;
232, 0.280546;
233, 0.277494;
234, 0.274595;
235, 0.271841;
236, 0.268005;
237, 0.264361;
238, 0.263338;
239, 0.262366;
240, 0.261443;
241, 0.260566;
242, 0.257294;
243, 0.251746;
244, 0.253793;
245, 0.271591;
246, 0.305572;
247, 0.311025;
248, 0.313767;
249, 0.313932;
250, 0.333601;
251, 0.352287;
252, 0.350527;
253, 0.347634;
254, 0.346106;
255, 0.344655;
256, 0.342056;
257, 0.339587;
258, 0.337242;
259, 0.337453;
260, 0.337654;
261, 0.336625;
262, 0.345403;
263, 0.342767;
264, 0.339043;
265, 0.340384;
266, 0.345316;
267, 0.350001;
268, 0.354453;
269, 0.357462;
270, 0.354223;
271, 0.348707;
272, 0.345906;
273, 0.343244;
274, 0.340716;
275, 0.339534;
276, 0.335972;
277, 0.333808;
278, 0.33419;
279, 0.332115;
280, 0.328924;
281, 0.325892;
282, 0.321793;
283, 0.320337;
284, 0.318955;
285, 0.317641;
286, 0.317613;
287, 0.317586;
288, 0.31878;
289, 0.317475;
290, 0.315016;
291, 0.31146;
292, 0.308082;
293, 0.304873;
294, 0.300605;
295, 0.295331;
296, 0.29154;
297, 0.286719;
298, 0.28092;
299, 0.274191;
300, 0.269018;
301, 0.262884;
302, 0.258276;
303, 0.25268;
304, 0.247363;
305, 0.241092;
306, 0.236355;
307, 0.230634;
308, 0.2252;
309, 0.221257;
310, 0.216292;
311, 0.211575;
312, 0.208313;
313, 0.203995;
314, 0.198674;
315, 0.194837;
316, 0.191193;
317, 0.186511;
318, 0.183283;
319, 0.180217;
320, 0.176084;
321, 0.173377;
322, 0.169587;
323, 0.170863;
324, 0.178174;
325, 0.188777;
326, 0.20129;
327, 0.215615;
328, 0.229225;
329, 0.243373;
330, 0.258034;
331, 0.269523;
332, 0.280437;
333, 0.292025;
334, 0.303033;
335, 0.312272;
336, 0.321048;
337, 0.326947;
338, 0.317917;
339, 0.310558;
340, 0.301127;
341, 0.294608;
342, 0.285975;
343, 0.278993;
344, 0.271141;
345, 0.264901;
346, 0.269949;
347, 0.274744;
348, 0.279299;
349, 0.271432;
350, 0.276153;
351, 0.279419;
352, 0.28374;
353, 0.274431;
354, 0.279002;
355, 0.276028;
356, 0.27808;
357, 0.277591;
358, 0.277126;
359, 0.276684;
360, 0.275045;
361, 0.272269;
362, 0.269631;
363, 0.267125;
364, 0.265964;
365, 0.262422;
366, 0.260276;
367, 0.258238;
368, 0.255082;
369, 0.254523;
370, 0.253992;
371, 0.254707;
372, 0.255386;
373, 0.254812;
374, 0.254267;
375, 0.253749;
376, 0.254476;
377, 0.256386;
378, 0.258201;
379, 0.259925;
380, 0.264002;
381, 0.266656;
382, 0.266737;
383, 0.270474;
384, 0.269145;
385, 0.267883;
386, 0.266684;
387, 0.264325;
388, 0.262085;
389, 0.259956;
390, 0.257934;
391, 0.256013;
392, 0.254188;
393, 0.251234;
394, 0.247209;
395, 0.244605;
396, 0.240911;
397, 0.236183;
398, 0.231691;
399, 0.227423;
400, 0.223369;
401, 0.219518;
402, 0.214639;
403, 0.210005;
404, 0.204383;
405, 0.200261;
406, 0.195126;
407, 0.190248;
408, 0.185614;
409, 0.181211;
410, 0.177029;
411, 0.171836;
412, 0.168122;
413, 0.164594;
414, 0.161242;
415, 0.158058;
416, 0.157472;
417, 0.155696;
418, 0.152789;
419, 0.151248;
420, 0.152222;
421, 0.149489;
422, 0.145673;
423, 0.143267;
424, 0.14464;
425, 0.143506;
426, 0.143648;
427, 0.145002;
428, 0.145069;
429, 0.146352;
430, 0.147571;
431, 0.148729;
432, 0.151049;
433, 0.150813;
434, 0.14937;
435, 0.147999;
436, 0.149136;
437, 0.147777;
438, 0.146485;
439, 0.145259;
440, 0.145313;
441, 0.145364;
442, 0.145413;
443, 0.146679;
444, 0.145443;
445, 0.145488;
446, 0.14675;
447, 0.147949;
448, 0.149088;
449, 0.148951;
450, 0.14882;
451, 0.148696;
452, 0.148579;
453, 0.147247;
454, 0.145982;
455, 0.144781;
456, 0.14242;
457, 0.140177;
458, 0.139266;
459, 0.13718;
460, 0.136419;
461, 0.135696;
462, 0.135008;
463, 0.131916;
464, 0.131418;
465, 0.129725;
466, 0.128117;
467, 0.12537;
468, 0.12154;
469, 0.119122;
470, 0.116824;
471, 0.114642;
472, 0.112568;
473, 0.110598;
474, 0.106288;
475, 0.104632;
476, 0.10062;
477, 0.098028;
478, 0.095566;
479, 0.094446;
480, 0.092163;
481, 0.089993;
482, 0.089152;
483, 0.087134;
484, 0.086436;
485, 0.083333;
486, 0.082825;
487, 0.081123;
488, 0.081945;
489, 0.081506;
490, 0.081089;
491, 0.078254;
492, 0.076781;
493, 0.075381;
494, 0.074051;
495, 0.072787;
496, 0.071587;
497, 0.069227;
498, 0.069424;
499, 0.069612;
500, 0.06735;
501, 0.065202;
502, 0.064381;
503, 0.063601;
504, 0.060421;
505, 0.05862;
506, 0.055689;
507, 0.055343;
508, 0.053796;
509, 0.052325;
510, 0.050929;
511, 0.049602;
512, 0.049561;
513, 0.049522;
514, 0.049485;
515, 0.04823;
516, 0.047038;
517, 0.045905;
518, 0.04361;
519, 0.042649;
520, 0.040517;
521, 0.038491;
522, 0.039005;
523, 0.037055;
524, 0.035202;
525, 0.033442;
526, 0.03299;
527, 0.03256;
528, 0.030932;
529, 0.030605;
530, 0.030294;
531, 0.029999;
532, 0.029718;
533, 0.029452;
534, 0.027979;
535, 0.0278;
536, 0.027629;
537, 0.027467;
538, 0.027314;
539, 0.025948;
540, 0.02465;
541, 0.024637;
542, 0.025845;
543, 0.025772;
544, 0.029361;
545, 0.029113;
546, 0.030096;
547, 0.028591;
548, 0.028381;
549, 0.028182;
550, 0.027992;
551, 0.027812;
552, 0.027641;
553, 0.026259;
554, 0.024946;
555, 0.024918;
556, 0.024892;
557, 0.024867;
558, 0.023623;
559, 0.022442;
560, 0.02254;
561, 0.023852;
562, 0.023879;
563, 0.023904;
564, 0.023928;
565, 0.023952;
566, 0.025193;
567, 0.025153;
568, 0.025115;
569, 0.023859;
570, 0.025105;
571, 0.026289;
572, 0.027413;
573, 0.028482;
574, 0.029497;
575, 0.03168;
576, 0.034974;
577, 0.039323;
578, 0.044674;
579, 0.052197;
580, 0.060562;
581, 0.070949;
582, 0.077158;
583, 0.081836;
584, 0.080183;
585, 0.078613;
586, 0.079561;
587, 0.08168;
588, 0.086133;
589, 0.090363;
590, 0.09682;
591, 0.098077;
592, 0.10171;
593, 0.102722;
594, 0.103683;
595, 0.103377;
596, 0.104306;
597, 0.103968;
598, 0.103648;
599, 0.104563;
600, 0.104213;
601, 0.102661;
602, 0.103626;
603, 0.102103;
604, 0.101876;
605, 0.10166;
606, 0.100235;
607, 0.098882;
608, 0.096377;
609, 0.093997;
610, 0.091736;
611, 0.090808;
612, 0.091146;
613, 0.090247;
614, 0.089393;
615, 0.088582;
616, 0.087812;
617, 0.08586;
618, 0.084006;
619, 0.082245;
620, 0.083011;
621, 0.082519;
622, 0.083271;
623, 0.081546;
624, 0.078688;
625, 0.077193;
626, 0.076992;
627, 0.076801;
628, 0.077839;
629, 0.080044;
630, 0.083359;
631, 0.088947;
632, 0.093037;
633, 0.098141;
634, 0.10299;
635, 0.108816;
636, 0.11679;
637, 0.124365;
638, 0.131561;
639, 0.139618;
640, 0.14849;
641, 0.153261;
642, 0.155354;
643, 0.154903;
644, 0.154475;
645, 0.154069;
646, 0.156121;
647, 0.155632;
648, 0.155168;
649, 0.154726;
650, 0.155527;
651, 0.156287;
652, 0.15457;
653, 0.152939;
654, 0.152609;
655, 0.152296;
656, 0.154437;
657, 0.154032;
658, 0.151209;
659, 0.149746;
660, 0.147137;
661, 0.147097;
662, 0.14462;
663, 0.143487;
664, 0.14241;
665, 0.138948;
666, 0.135659;
667, 0.131315;
668, 0.128408;
669, 0.124427;
670, 0.119425;
671, 0.115893;
672, 0.114976;
673, 0.110447;
674, 0.106144;
675, 0.106934;
676, 0.108905;
677, 0.107118;
678, 0.10664;
679, 0.111064;
680, 0.116487;
681, 0.121638;
682, 0.125312;
683, 0.126364;
684, 0.131021;
685, 0.131787;
686, 0.133734;
687, 0.138023;
688, 0.138439;
689, 0.142493;
690, 0.143905;
691, 0.145246;
692, 0.148959;
693, 0.153706;
694, 0.156997;
695, 0.160123;
696, 0.165531;
697, 0.167011;
698, 0.168416;
699, 0.170971;
700, 0.172178;
701, 0.172106;
702, 0.173257;
703, 0.171911;
704, 0.182828;
705, 0.182223;
706, 0.182868;
707, 0.183481;
708, 0.184063;
709, 0.183396;
710, 0.183982;
711, 0.184539;
712, 0.183849;
713, 0.183193;
714, 0.181351;
715, 0.1796;
716, 0.177937;
717, 0.175138;
718, 0.173698;
719, 0.17233;
720, 0.174689;
721, 0.17693;
722, 0.17784;
723, 0.178704;
724, 0.178306;
725, 0.174268;
726, 0.17653;
727, 0.173802;
728, 0.171209;
729, 0.169966;
730, 0.167565;
731, 0.164065;
732, 0.15952;
733, 0.153983;
734, 0.148723;
735, 0.144945;
736, 0.140137;
737, 0.136789;
738, 0.132388;
739, 0.128208;
740, 0.126676;
741, 0.122781;
742, 0.119081;
743, 0.115566;
744, 0.112227;
745, 0.110274;
746, 0.108419;
747, 0.106656;
748, 0.104982;
749, 0.103391;
750, 0.10188;
751, 0.099225;
752, 0.096703;
753, 0.096746;
754, 0.098006;
755, 0.100423;
756, 0.10028;
757, 0.102583;
758, 0.10599;
759, 0.110447;
760, 0.112242;
761, 0.115166;
762, 0.116725;
763, 0.119425;
764, 0.121991;
765, 0.124428;
766, 0.126743;
767, 0.130162;
768, 0.13219;
769, 0.134117;
770, 0.134729;
771, 0.135309;
772, 0.13708;
773, 0.139982;
774, 0.1403;
775, 0.140602;
776, 0.142109;
777, 0.142321;
778, 0.142522;
779, 0.143932;
780, 0.145272;
781, 0.146545;
782, 0.145315;
783, 0.145367;
784, 0.144196;
785, 0.141864;
786, 0.140869;
787, 0.138703;
788, 0.136646;
789, 0.134692;
790, 0.131616;
791, 0.128693;
792, 0.127137;
793, 0.124439;
794, 0.120656;
795, 0.115842;
796, 0.112489;
797, 0.109304;
798, 0.105058;
799, 0.103464;
800, 0.10073;
801, 0.099352;
802, 0.096823;
803, 0.094421;
804, 0.092139;
805, 0.089971;
806, 0.086692;
807, 0.083577;
808, 0.080618;
809, 0.077806;
810, 0.076355;
811, 0.076196;
812, 0.074825;
813, 0.074742;
814, 0.073444;
815, 0.07343;
816, 0.073417;
817, 0.075844;
818, 0.075711;
819, 0.075584;
820, 0.077902;
