1, 0.;
2, 0.252216;
3, 0.240358;
4, 0.229685;
5, 0.215626;
6, 0.202973;
7, 0.191584;
8, 0.18579;
9, 0.17612;
10, 0.171871;
11, 0.163593;
12, 0.156143;
13, 0.149438;
14, 0.143403;
15, 0.137972;
16, 0.133084;
17, 0.128685;
18, 0.124725;
19, 0.116707;
20, 0.113946;
21, 0.11146;
22, 0.104769;
23, 0.098746;
24, 0.093326;
25, 0.088448;
26, 0.084058;
27, 0.080107;
28, 0.072096;
29, 0.069341;
30, 0.066861;
31, 0.060175;
32, 0.058612;
33, 0.057206;
34, 0.051485;
35, 0.050791;
36, 0.050167;
37, 0.049604;
38, 0.044644;
39, 0.044634;
40, 0.044625;
41, 0.040163;
42, 0.036146;
43, 0.036986;
44, 0.033288;
45, 0.034413;
46, 0.035427;
47, 0.036339;
48, 0.032705;
49, 0.029434;
50, 0.026491;
51, 0.023842;
52, 0.025912;
53, 0.023321;
54, 0.020989;
55, 0.01889;
56, 0.017001;
57, 0.019755;
58, 0.01778;
59, 0.016002;
60, 0.018856;
61, 0.016971;
62, 0.019728;
63, 0.017755;
64, 0.01598;
65, 0.014382;
66, 0.012944;
67, 0.016104;
68, 0.014493;
69, 0.017499;
70, 0.015749;
71, 0.014174;
72, 0.012756;
73, 0.011481;
74, 0.014787;
75, 0.013309;
76, 0.011978;
77, 0.01078;
78, 0.014156;
79, 0.012741;
80, 0.011467;
81, 0.01032;
82, 0.013743;
83, 0.016823;
84, 0.019595;
85, 0.017636;
86, 0.015872;
87, 0.014285;
88, 0.017311;
89, 0.020034;
90, 0.018031;
91, 0.016228;
92, 0.01906;
93, 0.021608;
94, 0.023902;
95, 0.025966;
96, 0.027824;
97, 0.029496;
98, 0.026547;
99, 0.028347;
100, 0.025512;
101, 0.027415;
102, 0.029128;
103, 0.03067;
104, 0.032058;
105, 0.033306;
106, 0.03443;
107, 0.035442;
108, 0.031898;
109, 0.028708;
110, 0.030292;
111, 0.027262;
112, 0.028991;
113, 0.030546;
114, 0.031946;
115, 0.033206;
116, 0.03434;
117, 0.035361;
118, 0.036279;
119, 0.037106;
120, 0.03785;
121, 0.038519;
122, 0.034667;
123, 0.035655;
124, 0.03209;
125, 0.033335;
126, 0.034456;
127, 0.035465;
128, 0.036373;
129, 0.03719;
130, 0.037926;
131, 0.038588;
132, 0.039184;
133, 0.03972;
134, 0.040202;
135, 0.040637;
136, 0.041028;
137, 0.041379;
138, 0.041696;
139, 0.041981;
140, 0.042237;
141, 0.038014;
142, 0.038667;
143, 0.0348;
144, 0.035775;
145, 0.036652;
146, 0.037441;
147, 0.038152;
148, 0.038791;
149, 0.039366;
150, 0.039884;
151, 0.04035;
152, 0.04077;
153, 0.041147;
154, 0.041487;
155, 0.041793;
156, 0.042068;
157, 0.042316;
158, 0.042539;
159, 0.04274;
160, 0.04292;
161, 0.043083;
162, 0.043229;
163, 0.043361;
164, 0.043479;
165, 0.043586;
166, 0.043682;
167, 0.043768;
168, 0.043846;
169, 0.043916;
170, 0.043979;
171, 0.044035;
172, 0.044086;
173, 0.044132;
174, 0.048628;
175, 0.052674;
176, 0.056316;
177, 0.055139;
178, 0.058534;
179, 0.06159;
180, 0.06434;
181, 0.066815;
182, 0.069043;
183, 0.071047;
184, 0.072852;
185, 0.074476;
186, 0.075937;
187, 0.077253;
188, 0.078436;
189, 0.079502;
190, 0.080461;
191, 0.081324;
192, 0.082101;
193, 0.0828;
194, 0.083429;
195, 0.083995;
196, 0.084505;
197, 0.084963;
198, 0.085376;
199, 0.085747;
200, 0.086082;
201, 0.086383;
202, 0.086654;
203, 0.086897;
204, 0.087117;
205, 0.087314;
206, 0.087492;
207, 0.087652;
208, 0.087796;
209, 0.087925;
210, 0.088042;
211, 0.088147;
212, 0.088241;
213, 0.088326;
214, 0.088403;
215, 0.088471;
216, 0.088533;
217, 0.088589;
218, 0.088639;
219, 0.088684;
220, 0.088725;
221, 0.088762;
222, 0.088795;
223, 0.088824;
224, 0.088851;
225, 0.088875;
226, 0.088896;
227, 0.088916;
228, 0.088933;
229, 0.088949;
230, 0.088963;
231, 0.088976;
232, 0.088988;
233, 0.088998;
234, 0.089007;
235, 0.09347;
236, 0.097487;
237, 0.096647;
238, 0.095892;
239, 0.095211;
240, 0.099054;
241, 0.098058;
242, 0.097161;
243, 0.096354;
244, 0.095628;
245, 0.094974;
246, 0.094386;
247, 0.098311;
248, 0.101843;
249, 0.100568;
250, 0.103875;
251, 0.106851;
252, 0.105075;
253, 0.103477;
254, 0.102038;
255, 0.100743;
256, 0.104033;
257, 0.102538;
258, 0.101194;
259, 0.099983;
260, 0.103349;
261, 0.101923;
262, 0.10064;
263, 0.099485;
264, 0.098445;
265, 0.09751;
266, 0.096668;
267, 0.09591;
268, 0.099683;
269, 0.098624;
270, 0.09767;
271, 0.101267;
272, 0.104504;
273, 0.107417;
274, 0.105585;
275, 0.10839;
276, 0.110914;
277, 0.113187;
278, 0.110777;
279, 0.108608;
280, 0.106657;
281, 0.1049;
282, 0.103319;
283, 0.101896;
284, 0.100616;
285, 0.099463;
286, 0.098426;
287, 0.097493;
288, 0.101107;
289, 0.099905;
290, 0.098824;
291, 0.097851;
292, 0.096975;
293, 0.096186;
294, 0.099931;
295, 0.098847;
296, 0.097872;
297, 0.096994;
298, 0.096203;
299, 0.099947;
300, 0.098861;
301, 0.102339;
302, 0.101014;
303, 0.099821;
304, 0.103203;
305, 0.101792;
306, 0.100522;
307, 0.099379;
308, 0.09835;
309, 0.097424;
310, 0.096591;
311, 0.095841;
312, 0.09962;
313, 0.103022;
314, 0.101629;
315, 0.10483;
316, 0.10771;
317, 0.110303;
318, 0.108182;
319, 0.106273;
320, 0.113463;
321, 0.111026;
322, 0.108833;
323, 0.120222;
324, 0.117109;
325, 0.114307;
326, 0.120695;
327, 0.126443;
328, 0.127163;
329, 0.12781;
330, 0.137302;
331, 0.136935;
332, 0.14106;
333, 0.140318;
334, 0.139649;
335, 0.134594;
336, 0.130043;
337, 0.134857;
338, 0.13919;
339, 0.13418;
340, 0.143035;
341, 0.146549;
342, 0.140803;
343, 0.144541;
344, 0.156814;
345, 0.172315;
346, 0.177356;
347, 0.172984;
348, 0.169049;
349, 0.210053;
350, 0.22023;
351, 0.224934;
352, 0.229168;
353, 0.241888;
354, 0.262244;
355, 0.28502;
356, 0.354518;
357, 0.363612;
358, 0.380705;
359, 0.400544;
360, 0.405035;
361, 0.404622;
362, 0.444342;
363, 0.47118;
364, 0.49979;
365, 0.552265;
366, 0.603948;
367, 0.637098;
368, 0.675843;
369, 0.732986;
370, 0.771051;
371, 0.778582;
372, 0.789815;
373, 0.831106;
374, 0.886087;
375, 0.913296;
376, 0.964512;
377, 0.97497;
378, 1.020018;
379, 1.07838;
380, 1.126451;
381, 1.165261;
382, 1.204644;
383, 1.240088;
384, 1.276443;
385, 1.313617;
386, 1.342619;
387, 1.37763;
388, 1.40023;
389, 1.416116;
390, 1.421505;
391, 1.444173;
392, 1.460119;
393, 1.456653;
394, 1.449078;
395, 1.45117;
396, 1.461962;
397, 1.47613;
398, 1.479971;
399, 1.487883;
400, 1.48164;
401, 1.484931;
402, 1.470074;
403, 1.461158;
404, 1.448678;
405, 1.45972;
406, 1.469657;
407, 1.447418;
408, 1.458586;
409, 1.437454;
410, 1.449618;
411, 1.456111;
412, 1.444136;
413, 1.437813;
414, 1.454396;
415, 1.478229;
416, 1.477406;
417, 1.485574;
418, 1.50629;
419, 1.507115;
420, 1.525676;
421, 1.546836;
422, 1.561425;
423, 1.574555;
424, 1.595282;
425, 1.609481;
426, 1.62226;
427, 1.638216;
428, 1.657031;
429, 1.669509;
430, 1.667377;
431, 1.68773;
432, 1.68823;
433, 1.702043;
434, 1.714475;
435, 1.739028;
436, 1.75667;
437, 1.768094;
438, 1.778376;
439, 1.792084;
440, 1.804421;
441, 1.815524;
442, 1.825517;
443, 1.834511;
444, 1.842605;
445, 1.84989;
446, 1.856447;
447, 1.866802;
448, 1.867213;
449, 1.872037;
450, 1.871924;
451, 1.871823;
452, 1.876186;
453, 1.880113;
454, 1.879192;
455, 1.887273;
456, 1.881182;
457, 1.884609;
458, 1.87433;
459, 1.873988;
460, 1.87368;
461, 1.868949;
462, 1.873599;
463, 1.864421;
464, 1.860615;
465, 1.85719;
466, 1.858562;
467, 1.850888;
468, 1.848435;
469, 1.846228;
470, 1.848696;
471, 1.850917;
472, 1.848462;
473, 1.855161;
474, 1.861191;
475, 1.871072;
476, 1.879964;
477, 1.887968;
478, 1.890717;
479, 1.897645;
480, 1.899426;
481, 1.901029;
482, 1.898017;
483, 1.899761;
484, 1.90133;
485, 1.893833;
486, 1.895995;
487, 1.897941;
488, 1.895238;
489, 1.892805;
490, 1.89507;
491, 1.8882;
492, 1.882016;
493, 1.867542;
494, 1.858969;
495, 1.851254;
496, 1.848765;
497, 1.84207;
498, 1.827136;
499, 1.822604;
500, 1.805162;
501, 1.802828;
502, 1.800727;
503, 1.794381;
504, 1.78867;
505, 1.783531;
506, 1.783359;
507, 1.778751;
508, 1.770148;
509, 1.762406;
510, 1.759893;
511, 1.757631;
512, 1.755595;
513, 1.758217;
514, 1.756123;
515, 1.754238;
516, 1.752541;
517, 1.751015;
518, 1.745186;
519, 1.73994;
520, 1.739673;
521, 1.734979;
522, 1.730754;
523, 1.731405;
524, 1.727538;
525, 1.719602;
526, 1.716915;
527, 1.710041;
528, 1.699401;
529, 1.698733;
530, 1.680315;
531, 1.672647;
532, 1.665746;
533, 1.632808;
534, 1.634345;
535, 1.635729;
536, 1.645883;
537, 1.646113;
538, 1.650774;
539, 1.65497;
540, 1.654291;
541, 1.65368;
542, 1.657585;
543, 1.65219;
544, 1.625062;
545, 1.631828;
546, 1.629009;
547, 1.630926;
548, 1.610379;
549, 1.614159;
550, 1.590834;
551, 1.569842;
552, 1.573221;
553, 1.576263;
554, 1.538909;
555, 1.540927;
556, 1.551653;
557, 1.547942;
558, 1.557966;
559, 1.558079;
560, 1.55818;
561, 1.540453;
562, 1.546771;
563, 1.548003;
564, 1.549112;
565, 1.545655;
566, 1.555908;
567, 1.547317;
568, 1.561858;
569, 1.561581;
570, 1.561332;
571, 1.556654;
572, 1.565807;
573, 1.569589;
574, 1.572994;
575, 1.571604;
576, 1.588171;
577, 1.594172;
578, 1.599573;
579, 1.59107;
580, 1.587872;
581, 1.593903;
582, 1.599331;
583, 1.595307;
584, 1.582776;
585, 1.589317;
586, 1.590749;
587, 1.592038;
588, 1.602107;
589, 1.611169;
590, 1.61487;
591, 1.618201;
592, 1.621199;
593, 1.632807;
594, 1.638799;
595, 1.644192;
596, 1.649045;
597, 1.653413;
598, 1.661799;
599, 1.655983;
600, 1.659657;
601, 1.662964;
602, 1.652577;
603, 1.661047;
604, 1.668669;
605, 1.67553;
606, 1.672795;
607, 1.679243;
608, 1.680591;
609, 1.672896;
610, 1.679333;
611, 1.671764;
612, 1.660496;
613, 1.663719;
614, 1.671075;
615, 1.677695;
616, 1.674743;
617, 1.676542;
618, 1.682615;
619, 1.679171;
620, 1.676072;
621, 1.668829;
622, 1.675673;
623, 1.681833;
624, 1.682923;
625, 1.688358;
626, 1.688795;
627, 1.693642;
628, 1.689096;
629, 1.685005;
630, 1.690232;
631, 1.694936;
632, 1.69917;
633, 1.698525;
634, 1.706855;
635, 1.709896;
636, 1.690361;
637, 1.67278;
638, 1.648047;
639, 1.652515;
640, 1.6209;
641, 1.623628;
642, 1.599356;
643, 1.590875;
644, 1.569879;
645, 1.564345;
646, 1.56382;
647, 1.545529;
648, 1.55134;
649, 1.543206;
650, 1.544794;
651, 1.550678;
652, 1.533701;
653, 1.500604;
654, 1.475271;
655, 1.448017;
656, 1.392306;
657, 1.342166;
658, 1.279222;
659, 1.240391;
660, 1.192079;
661, 1.148598;
662, 1.087193;
663, 1.036383;
664, 0.981745;
665, 0.950388;
666, 0.899895;
667, 0.890087;
668, 0.88126;
669, 0.882225;
670, 0.874185;
671, 0.866948;
672, 0.824799;
673, 0.786864;
674, 0.73045;
675, 0.670769;
676, 0.634874;
677, 0.602568;
678, 0.569039;
679, 0.529953;
680, 0.499231;
681, 0.467126;
682, 0.438231;
683, 0.421135;
684, 0.423567;
685, 0.399029;
686, 0.381399;
687, 0.374441;
688, 0.354815;
689, 0.341606;
690, 0.334173;
691, 0.318574;
692, 0.308989;
693, 0.295908;
694, 0.284136;
695, 0.27354;
696, 0.277368;
697, 0.267449;
698, 0.267432;
699, 0.262961;
700, 0.258938;
701, 0.255317;
702, 0.247603;
703, 0.245116;
704, 0.242877;
705, 0.231953;
706, 0.226576;
707, 0.217282;
708, 0.213372;
709, 0.209853;
710, 0.206686;
711, 0.20829;
712, 0.209734;
713, 0.202124;
714, 0.195275;
715, 0.193566;
716, 0.187573;
717, 0.191088;
718, 0.189798;
719, 0.197545;
720, 0.195609;
721, 0.198321;
722, 0.196307;
723, 0.203403;
724, 0.200881;
725, 0.211975;
726, 0.21305;
727, 0.218472;
728, 0.223352;
729, 0.227744;
730, 0.231697;
731, 0.2308;
732, 0.225538;
733, 0.220803;
734, 0.216541;
735, 0.217159;
736, 0.213262;
737, 0.209754;
738, 0.21996;
739, 0.211328;
740, 0.208013;
741, 0.213939;
742, 0.210363;
743, 0.207145;
744, 0.199794;
745, 0.202088;
746, 0.208606;
747, 0.201109;
748, 0.203271;
749, 0.200762;
750, 0.202959;
751, 0.204935;
752, 0.215624;
753, 0.216334;
754, 0.212519;
755, 0.21354;
756, 0.214458;
757, 0.210831;
758, 0.203111;
759, 0.213982;
760, 0.210402;
761, 0.20718;
762, 0.208735;
763, 0.205679;
764, 0.234111;
765, 0.237428;
766, 0.244867;
767, 0.251562;
768, 0.257587;
769, 0.249647;
770, 0.251409;
771, 0.244087;
772, 0.241951;
773, 0.244483;
774, 0.269035;
775, 0.259949;
776, 0.260682;
777, 0.256886;
778, 0.271289;
779, 0.275342;
780, 0.292353;
781, 0.28539;
782, 0.292488;
783, 0.289966;
784, 0.283242;
785, 0.2861;
786, 0.279763;
787, 0.269605;
788, 0.27828;
789, 0.27718;
790, 0.271734;
791, 0.271288;
792, 0.266432;
793, 0.257607;
794, 0.263028;
795, 0.29018;
796, 0.301253;
797, 0.333491;
798, 0.326869;
799, 0.329819;
800, 0.341382;
801, 0.329517;
802, 0.318838;
803, 0.309227;
804, 0.300577;
805, 0.288337;
806, 0.290685;
807, 0.292799;
808, 0.285792;
809, 0.275031;
810, 0.274255;
811, 0.273557;
812, 0.268474;
813, 0.263899;
814, 0.264236;
815, 0.268995;
816, 0.264368;
817, 0.282477;
818, 0.285411;
819, 0.274688;
820, 0.265037;
821, 0.260806;
822, 0.261453;
823, 0.275398;
824, 0.270131;
825, 0.265391;
