0.039
0.040
0.033
0.026
0.021
0.017
0.015
0.013
0.016
0.020
0.055
0.088
0.096
0.080
0.065
0.052
0.041
0.033
0.027
0.026
0.025
0.022
0.029
0.027
0.028
0.028
0.037
0.033
0.027
0.027
0.046
0.138
0.285
0.308
0.335
0.291
0.293
0.258
0.259
0.333
0.328
0.278
0.230
0.189
0.154
0.123
0.098
0.079
0.072
0.058
0.047
0.040
0.052
0.074
0.080
0.142
0.153
0.159
0.243
0.235
0.226
0.195
0.157
0.127
0.103
0.090
0.086
0.072
0.058
0.051
0.059
0.052
0.054
0.045
0.036
0.029
0.023
0.019
0.015
0.015
0.031
0.048
0.072
0.064
0.087
0.160
0.155
0.145
0.120
0.096
0.078
0.062
0.050
0.040
0.032
0.032
0.050
0.071
0.071
0.060
0.048
0.039
0.031
0.025
0.020
0.016
0.014
0.011
0.011
0.009
0.007
0.007
0.006
0.005
0.005
0.012
0.037
0.105
0.132
0.113
0.108
0.104
0.095
0.079
0.063
0.051
0.041
0.033
0.028
0.022
0.018
0.021
0.049
0.088
0.088
0.146
0.242
0.372
0.435
0.381
0.387
0.331
0.336
0.461
0.541
0.542
0.482
0.417
0.388
0.477
0.543
0.491
0.587
0.587
0.525
0.449
0.371
0.324
0.284
0.272
0.284
0.244
0.236
0.210
0.172
0.141
0.113
0.091
0.073
0.058
0.046
0.037
0.030
0.024
0.019
0.015
0.012
0.011
0.011
0.024
0.033
0.028
0.033
0.048
0.112
0.107
0.093
0.075
0.060
0.049
0.039
0.032
0.027
0.025
0.020
0.016
0.013
0.011
0.010
0.024
0.025
0.028
0.067
0.062
0.059
0.051
0.061
0.071
0.076
0.083
0.103
0.116
0.145
0.144
0.235
0.346
0.377
0.377
0.318
0.270
0.218
0.175
0.142
0.114
0.091
0.074
0.064
0.052
0.042
0.039
0.034
0.030
0.024
0.019
0.015
0.012
0.010
0.012
0.016
0.013
0.011
0.009
0.008
0.008
0.007
0.006
0.006
0.009
0.008
0.008
0.008
0.023
0.069
0.073
0.083
0.173
0.162
0.140
0.117
0.105
0.112
0.105
0.091
0.073
0.069
0.082
0.094
0.082
0.082
0.073
0.078
0.065
0.074
0.098
0.117
0.126
0.105
0.099
0.095
0.151
0.203
0.258
0.299
0.271
0.312
0.271
0.260
0.306
0.410
0.459
0.411
0.391
0.336
0.349
0.336
0.323
0.437
0.414
0.397
0.479
0.463
0.412
0.482
0.445
0.541
0.520
0.457
0.401
0.413
0.361
0.312
0.314
0.318
0.278
0.239
0.232
0.208
0.184
0.171
0.177
0.207
0.324
0.423
0.386
0.348
0.323
0.310
0.259
0.214
0.208
0.252
0.238
0.235
0.317
0.414
0.375
0.360
0.460
0.479
0.499
0.432
0.350
0.290
0.246
0.198
0.159
0.127
0.102
0.082
0.065
0.052
0.042
0.034
0.028
0.025
0.033
0.028
0.023
0.020
0.016
0.018
0.029
0.057
0.176
0.187
0.167
0.161
0.132
0.106
0.093
0.109
0.092
0.096
0.159
0.214
0.202
0.243
0.214
0.191
0.250
0.268
0.380
0.375
0.484
0.561
0.579
0.522
0.607
0.672
0.637
0.706
0.726
0.676
0.570
0.464
0.379
0.313
0.263
0.251
0.235
0.210
0.207
0.262
0.326
0.298
0.248
0.203
0.165
0.132
0.107
0.086
0.071
0.057
0.047
0.039
0.032
0.026
0.021
0.017
0.015
0.014
0.012
0.012
0.009
0.008
0.006
0.005
0.006
0.005
0.004
0.009
0.009
0.009
0.023
0.032
0.027
0.025
0.034
0.030
0.043
0.058
0.130
0.167
0.206
0.345
0.362
0.321
0.289
0.252
0.245
0.235
0.207
0.174
0.140
0.113
0.094
0.075
0.060
0.048
0.039
0.031
0.025
0.020
0.016
0.013
0.011
0.009
0.015
0.013
0.011
0.009
0.007
0.006
0.008
0.017
0.015
0.023
0.023
0.024
0.020
0.016
0.013
0.011
0.008
0.007
0.006
0.012
0.010
0.008
0.007
0.006
0.008
0.007
0.007
0.009
0.019
0.042
0.119
0.160
0.141
0.130
0.171
0.329
0.383
0.424
0.424
0.504
0.571
0.526
0.463
0.397
0.338
0.355
0.398
0.374
0.361
0.311
0.302
0.294
0.331
0.394
0.458
0.404
0.399
0.388
0.346
0.296
0.270
0.228
0.247
0.222
0.198
0.164
0.134
0.135
0.114
0.095
0.076
0.062
0.050
0.041
0.033
0.026
0.021
0.018
0.015
0.012
0.010
0.009
0.009
0.009
0.007
0.006
0.005
0.008
0.008
0.008
0.009
0.008
0.007
0.005
0.005
0.004
0.007
0.006
0.005
0.009
0.012
0.031
0.032
0.027
0.022
0.018
0.014
0.011
0.009
0.008
0.006
0.009
0.008
0.006
0.005
0.004
0.003
0.003
0.002
0.002
0.002
0.003
0.003
0.002
0.002
0.002
0.002
0.002
0.002
0.002
0.002
0.002
0.001
0.001
0.002
0.009
0.008
0.017
0.027
0.025
0.025
0.020
0.019
0.024
0.025
0.022
0.019
0.015
0.012
0.012
0.018
0.040
0.106
0.113
0.098
0.080
0.072
0.097
0.096
0.103
0.135
0.261
0.306
0.410
0.421
0.377
0.319
0.291
0.286
0.252
0.207
0.174
0.142
0.115
0.092
0.076
0.074
0.064
0.068
0.134
0.181
0.202
0.213
0.190
0.158
0.151
0.127
0.127
0.115
0.113
0.183
0.182
0.151
0.124
0.102
0.086
0.075
0.083
0.069
0.058
0.069
0.092
0.086
0.121
0.114
0.093
0.076
0.074
0.128
0.231
0.314
0.302
0.354
0.416
0.508
0.475
0.550
0.503
0.470
0.396
0.320
0.269
0.217
0.174
0.150
0.154
0.134
0.133
0.132
0.143
0.162
0.142
0.115
0.097
0.084
0.076
0.061
0.049
0.041
0.034
0.029
0.023
0.020
0.016
0.013
0.010
0.008
0.007
0.005
0.005
0.005
0.004
0.003
0.003
0.002
0.002
0.001
0.003
0.005
0.021
0.075
0.131
0.167
0.218
0.275
0.274
0.348
0.347
0.314
0.319
0.270
0.273
0.253
0.269
0.353
0.367
0.314
0.262
0.270
0.394
0.383
0.320
0.326
0.396
0.367
0.313
0.316
0.401
0.480
0.496
0.466
0.412
0.441
0.478
0.425
0.349
0.280
0.224
0.179
0.144
0.115
0.092
0.074
0.060
0.048
0.039
0.033
0.028
0.023
0.020
0.033
0.037
0.038
0.032
0.027
0.022
0.018
0.015
0.014
0.013
0.011
0.009
0.008
0.007
0.006
0.005
0.006
0.011
0.038
0.071
0.180
0.173
0.179
0.167
0.136
0.111
0.093
0.076
0.070
0.059
0.055
0.044
0.038
0.050
0.042
0.036
0.044
0.073
0.135
0.128
0.105
0.088
0.090
0.094
0.098
0.144
0.171
0.323
0.391
0.451
0.396
0.414
0.527
0.548
0.468
0.379
0.338
0.301
0.330
0.293
0.241
0.196
0.168
0.152
0.149
0.124
0.103
0.097
0.120
0.109
0.110
0.106
0.114
0.139
0.137
0.117
0.100
0.083
0.081
0.092
0.082
0.082
0.078
0.066
0.056
0.046
0.040
0.043
0.048
0.054
0.113
0.156
0.138
0.133
0.111
0.094
0.113
0.133
0.116
0.121
0.147
0.184
0.200
0.175
0.158
0.157
0.171
0.207
0.187
0.154
0.131
0.105
0.084
0.070
0.061
0.049
0.039
0.031
0.026
0.021
0.016
0.014
0.011
0.009
0.007
0.006
0.006
0.013
0.018
0.027
0.057
0.095
0.209
0.211
0.176
0.154
0.155
0.130
0.106
0.086
0.069
0.055
0.047
0.041
0.033
0.031
0.026
0.021
0.020
0.016
0.013
0.011
0.009
0.008
0.007
0.007
0.014
0.027
0.025
0.020
0.018
0.023
0.034
0.049
0.044
0.047
0.074
0.121
0.112
0.094
0.076
0.061
0.049
0.040
0.032
0.026
0.021
0.016
0.013
0.012
0.018
0.015
0.012
0.010
0.008
0.007
0.006
0.005
0.004
0.003
0.003
0.003
0.002
0.002
0.002
0.001
0.001
0.001
0.001
0.001
0.001
0.001
0.000
0.001
0.008
0.007
0.016
0.045
0.164
0.169
0.265
0.283
0.392
0.413
0.404
0.341
0.344
0.293
0.268
0.317
0.283
0.263
0.218
0.183
0.171
0.178
0.150
0.121
0.097
0.079
0.063
0.052
0.042
0.034
0.027
0.022
0.021
0.020
0.021
0.044
0.051
0.060
0.068
0.063
0.073
0.087
0.091
0.101
0.166
0.204
0.237
0.377
0.485
0.548
0.506
0.442
0.487
0.459
0.396
0.343
0.283
0.270
0.251
0.213
0.195
0.189
0.158
0.151
0.165
0.187
0.340
0.343
0.316
0.284
0.244
0.206
0.178
0.146
0.133
0.141
0.165
0.160
0.202
0.338
0.350
0.366
0.323
0.327
0.338
0.422
0.424
0.361
0.293
0.254
0.206
0.173
0.183
0.223
0.247
0.242
0.291
0.389
0.384
0.330
0.299
0.289
0.240
0.219
0.180
0.146
0.138
0.114
0.092
0.073
0.060
0.056
0.055
0.051
0.053
0.085
0.144
0.278
0.303
0.294
0.411
0.415
0.526
0.606
0.548
0.564
0.485
0.403
0.334
0.306
0.372
0.328
0.284
0.245
0.246
0.234
0.203
0.194
0.164
0.172
0.159
0.215
0.192
0.159
0.132
0.106
0.085
0.070
0.057
0.055
0.047
0.041
0.033
0.029
0.044
0.080
0.173
0.164
0.175
0.299
0.340
0.379
0.407
0.485
0.488
0.418
0.349
0.285
0.250
0.233
0.192
0.165
0.133
0.117
0.111
0.093
0.075
0.068
0.058
0.055
0.045
0.036
0.034
0.028
0.023
0.019
0.016
0.020
0.019
0.017
0.015
0.026
0.070
0.071
0.128
0.171
0.220
0.250
0.248
0.209
0.212
0.215
0.189
0.194
0.162
0.131
0.105
0.084
0.067
0.054
0.043
0.034
0.028
0.024
0.019
0.016
0.012
0.012
0.010
0.008
0.007
0.006
0.005
0.004
0.004
0.003
0.003
0.004
0.013
0.016
0.013
0.012
0.015
0.021
0.053
0.059
0.049
0.042
0.046
0.104
0.151
0.180
0.155
0.161
0.183
0.189
0.216
0.288
0.325
0.337
0.309
0.260
0.211
0.192
0.216
0.233
0.216
0.177
0.149
0.161
0.136
0.119
0.097
0.096
0.096
0.081
0.078
0.132
0.220
0.230
0.319
0.315
0.281
0.229
0.195
0.159
0.127
0.102
0.082
0.065
0.052
0.042
0.034
0.027
0.022
0.017
0.014
0.011
0.009
0.008
0.007
0.008
0.012
0.011
0.009
0.007
0.006
0.005
0.004
0.006
0.005
0.004
0.003
0.003
0.003
0.002
0.002
0.008
0.007
0.006
0.004
0.004
0.003
0.003
0.002
0.002
0.004
0.020
0.080
0.084
0.073
0.062
0.052
0.042
0.034
0.028
0.023
0.019
0.015
0.016
0.015
0.015
0.013
0.022
0.021
0.026
0.055
0.131
0.127
0.130
0.165
0.158
0.133
0.107
0.085
0.068
0.055
0.046
0.036
0.031
0.036
0.046
0.083
0.075
0.080
0.068
0.058
0.054
0.088
0.104
0.095
0.139
0.127
0.181
0.176
0.170
0.239
0.260
0.399
0.467
0.495
0.575
0.653
0.595
0.657
0.575
0.502
0.451
0.374
0.332
0.310
0.301
0.260
0.211
0.176
0.141
0.113
0.090
0.072
0.058
0.046
0.037
0.034
0.028
0.023
0.018
0.015
0.012
0.010
0.011
0.009
0.010
0.008
0.008
0.007
0.005
0.006
0.013
0.012
0.018
0.052
0.088
0.213
0.233
0.216
0.181
0.158
0.152
0.206
0.357
0.462
0.511
0.466
0.528
0.509
0.544
0.475
0.441
0.365
0.295
0.245
0.224
0.229
0.225
0.215
0.188
0.189
0.207
0.208
0.241
0.252
0.213
0.182
0.188
0.186
0.177
0.219
0.228
0.242
0.281
0.305
0.324
0.305
0.289
0.276
0.242
0.271
0.293
0.300
0.261
0.236
0.203
0.239
0.391
0.396
0.374
0.375
0.319
0.257
0.210
0.172
0.144
0.143
0.120
0.097
0.078
0.069
0.075
0.093
0.118
0.231
0.219
0.201
0.186
0.152
0.134
0.161
0.212
0.190
0.159
0.134
0.115
0.092
0.074
0.060
0.049
0.042
0.046
0.071
0.082
0.094
0.087
0.073
0.062
0.051
0.041
0.033
0.033
0.058
0.105
0.110
0.129
0.109
0.099
0.088
0.103
0.111
0.106
0.137
0.180
0.157
0.138
0.116
0.093
0.074
0.059
0.048
0.038
0.030
0.024
0.020
0.016
0.014
0.012
0.011
0.020
0.025
0.021
0.017
0.013
0.011
0.012
0.012
0.010
0.012
0.012
0.018
0.027
0.024
0.019
0.015
0.012
0.015
0.048
0.138
0.149
0.192
0.171
0.174
0.160
0.223
0.252
0.345
0.338
0.326
0.458
0.433
0.492
0.446
0.468
0.525
0.480
0.395
0.362
0.317
0.265
0.239
0.200
0.168
0.149
0.129
0.110
0.094
0.102
0.087
0.080
0.077
0.075
0.062
0.050
0.040
0.037
0.031
0.028
0.033
0.028
0.026
0.055
0.181
0.215
0.251
0.351
0.389
0.386
0.343
0.352
0.460
0.434
0.434
0.417
0.365
0.382
0.335
0.304
0.285
0.236
0.191
0.154
0.134
0.109
0.099
0.085
0.083
0.110
0.110
0.117
0.107
0.089
0.071
0.057
0.049
0.047
0.068
0.074
0.074
0.060
0.048
0.039
0.031
0.025
0.020
0.019
0.022
0.051
0.114
0.124
0.111
0.102
0.121
0.124
0.107
0.127
0.110
0.101
0.084
0.069
0.060
0.051
0.041
0.033
0.027
0.028
0.025
0.029
0.026
0.033
0.038
0.065
0.068
0.070
0.078
0.103
0.105
0.107
0.167
0.151
0.127
0.108
0.103
0.084
0.084
0.072
0.061
0.050
0.041
0.033
0.027
0.023
0.019
0.015
0.013
0.011
0.009
0.007
0.007
0.005
0.005
0.005
0.004
0.003
0.003
0.003
0.002
0.002
0.001
0.002
0.007
0.006
0.005
0.004
0.004
0.004
0.003
0.006
0.011
0.015
0.019
0.022
0.018
0.021
0.023
0.056
0.054
0.057
0.085
0.159
0.298
0.363
0.354
0.479
0.501
0.481
0.405
0.351
0.291
0.236
0.189
0.152
0.122
0.097
0.079
0.063
0.051
0.041
0.033
0.026
0.021
0.017
0.014
0.011
0.011
0.013
0.040
0.083
0.102
0.127
0.191
0.243
0.303
0.404
0.374
0.383
0.400
0.343
0.372
0.332
0.276
0.265
0.236
0.208
0.173
0.139
0.117
0.101
0.086
0.075
0.061
0.049
0.040
0.039
0.037
0.040
0.036
0.030
0.026
0.021
0.018
0.017
0.025
0.027
0.022
0.019
0.020
0.022
0.023
0.018
0.015
0.012
0.011
0.018
0.021
0.027
0.072
0.086
0.082
0.070
0.066
0.054
0.043
0.035
0.028
0.023
0.019
0.015
0.012
0.010
0.010
0.019
0.049
0.048
0.042
0.035
0.032
0.026
0.021
0.017
0.016
0.013
0.011
0.008
0.007
0.006
0.005
0.004
0.004
0.003
0.003
0.002
0.005
0.017
0.067
0.095
0.223
0.269
0.252
0.258
0.236
0.224
0.197
0.181
0.174
0.212
0.274
0.352
0.344
0.307
0.253
0.203
0.165
0.139
0.112
0.089
0.072
0.057
0.046
0.037
0.036
0.030
0.025
0.022
0.018
0.016
0.013
0.010
0.008
0.006
0.006
0.011
0.034
0.082
0.110
0.112
0.098
0.121
0.143
0.285
0.316
0.336
0.387
0.338
0.310
0.382
0.339
0.303
0.248
0.231
0.218
0.297
0.267
0.221
0.181
0.145
0.117
0.098
0.086
0.085
0.071
0.057
0.047
0.037
0.030
0.024
0.020
0.021
0.027
0.022
0.018
0.014
0.011
0.009
0.007
0.006
0.011
0.011
0.009
0.009
0.014
0.018
0.020
0.017
0.013
0.012
0.020
0.017
0.015
0.013
0.010
0.008
0.008
0.014
0.061
0.110
0.140
0.251
0.258
0.231
0.231
0.266
0.234
0.281
0.281
0.255
0.230
0.287
0.266
0.255
0.266
0.378
0.460
0.473
0.403
0.369
0.314
0.333
0.395
0.360
0.405
0.376
0.352
0.350
0.320
0.341
0.292
0.256
0.229
0.291
0.421
0.446
0.399
0.429
0.386
0.316
0.279
0.303
0.303
0.310
0.284
0.247
0.212
0.196
0.266
0.379
0.378
0.387
0.334
0.273
0.240
0.196
0.180
0.159
0.130
0.104
0.083
0.068
0.063
0.089
0.147
0.138
0.171
0.191
0.231
0.322
0.392
0.485
0.458
0.405
0.439
0.420
0.397
0.346
0.289
0.258
0.300
0.389
0.490
0.445
0.398
0.344
0.348
0.378
0.352
0.369
0.319
0.349
0.443
0.409
0.396
0.334
0.270
0.218
0.174
0.140
0.112
0.089
0.072
0.066
0.056
0.061
0.055
0.045
0.037
0.032
0.025
0.022
0.020
0.017
0.025
0.045
0.044
0.053
0.112
0.106
0.135
0.142
0.147
0.168
0.155
0.127
0.105
0.092
0.076
0.061
0.051
0.042
0.034
0.027
0.022
0.018
0.015
0.012
0.010
0.010
0.009
0.012
0.015
0.031
0.098
0.205
0.195
0.180
0.154
0.125
0.109
0.088
0.083
0.121
0.204
0.208
0.269
0.387
0.377
0.317
0.255
0.221
0.231
0.379
0.479
0.565
0.563
0.491
0.400
0.327
0.302
0.250
0.201
0.163
0.134
0.109
0.087
0.072
0.061
0.076
0.110
0.202
0.196
0.269
0.383
0.351
0.368
0.317
0.257
0.207
0.165
0.133
0.109
0.111
0.103
0.110
0.101
0.085
0.070
0.065
0.055
0.058
0.048
0.052
0.105
0.107
0.176
0.200
0.182
0.168
0.140
0.113
0.096
0.078
0.075
0.068
0.087
0.089
0.113
0.111
0.123
0.219
0.247
0.367
0.394
0.455
0.453
0.464
0.490
0.423
0.369
0.351
0.299
0.279
0.301
0.285
0.260
0.308
0.342
0.463
0.502
0.475
0.483
0.425
0.408
0.480
0.535
0.493
0.410
0.354
0.297
0.298
0.265
0.226
0.215
0.191
0.210
0.297
0.375
0.353
0.396
0.360
0.303
0.264
0.221
0.207
0.174
0.164
0.173
0.150
0.132
0.156
0.314
0.412
0.387
0.357
0.337
0.278
0.223
0.181
0.157
0.127
0.104
0.089
0.085
0.089
0.109
0.098
0.122
0.112
0.129
0.248
0.248
0.245
0.353
0.336
0.294
0.262
0.317
0.292
0.367
0.492
0.544
0.504
0.444
0.412
0.498
0.446
0.513
0.465
0.388
0.312
0.259
0.209
0.172
0.138
0.111
0.089
0.073
0.079
0.129
0.199
0.179
0.165
0.137
0.112
0.089
0.071
0.057
0.048
0.041
0.060
0.054
0.055
0.075
0.066
0.054
0.045
0.041
0.043
0.035
0.030
0.025
0.020
0.020
0.021
0.031
0.047
0.097
0.095
0.145
0.284
0.300
0.255
0.221
0.179
0.147
0.128
0.105
0.084
0.067
0.054
0.044
0.039
0.032
0.026
0.022
0.028
0.029
0.029
0.034
0.035
0.067
0.100
0.139
0.134
0.117
0.119
0.098
0.079
0.063
0.051
0.041
0.033
0.026
0.023
0.023
0.020
0.019
0.015
0.012
0.010
0.008
0.006
0.005
0.004
0.005
0.007
0.007
0.006
0.007
0.013
0.051
0.053
0.061
0.054
0.044
0.038
0.056
0.136
0.198
0.320
0.366
0.454
0.475
0.409
0.366
0.306
0.310
0.429
0.397
0.494
0.559
0.525
0.531
0.476
0.447
0.429
0.472
0.415
0.337
0.271
0.217
0.173
0.139
0.112
0.092
0.073
0.061
0.053
0.043
0.035
0.028
0.023
0.019
0.015
0.012
0.010
0.008
0.006
0.007
0.006
0.004
0.004
0.003
0.005
0.023
0.023
0.038
0.033
0.044
0.085
0.175
0.209
0.260
0.391
0.374
0.448
0.441
0.436
0.435
0.374
0.385
0.399
0.402
0.407
0.353
0.311
0.275
0.226
0.181
0.155
0.162
0.206
0.186
0.154
0.152
0.130
0.156
0.276
0.259
0.224
0.223
0.231
0.348
0.366
0.417
0.398
0.380
0.409
0.351
0.286
0.235
0.190
0.153
0.122
0.100
0.081
0.069
0.055
0.047
0.057
0.101
0.115
0.227
0.265
0.307
0.267
0.311
0.426
0.402
0.350
0.299
0.273
0.225
0.181
0.145
0.116
0.093
0.075
0.061
0.049
0.041
0.038
0.034
0.030
0.027
0.022
0.024
0.025
0.026
0.022
0.021
0.031
0.075
0.112
0.148
0.258
0.327
0.317
0.300
0.256
0.207
0.169
0.141
0.124
0.122
0.110
0.102
0.086
0.069
0.055
0.044
0.035
0.028
0.029
0.052
0.152
0.254
0.256
0.214
0.220
0.183
0.168
0.145
0.120
0.122
0.149
0.142
0.130
0.125
0.165
0.238
0.374
0.421
0.399
0.334
0.281
0.247
0.286
0.264
0.224
0.202
0.188
0.217
0.260
0.289
0.254
0.235
0.192
0.164
0.132
0.107
0.086
0.069
0.055
0.045
0.036
0.032
0.026
0.021
0.020
0.021
0.019
0.021
0.046
0.157
0.312
0.301
0.385
0.392
0.478
0.529
0.572
0.531
0.445
0.364
0.315
0.262
0.218
0.179
0.145
0.119
0.097
0.098
0.126
0.108
0.099
0.081
0.067
0.057
0.058
0.106
0.133
0.160
0.317
0.421
0.389
0.399
0.341
0.276
0.227
0.186
0.175
0.183
0.193
0.307
0.344
0.403
0.437
0.515
0.457
0.428
0.353
0.286
0.244
0.201
0.191
0.189
0.204
0.178
0.147
0.122
0.108
0.141
0.225
0.220
0.216
0.185
0.159
0.181
0.217
0.227
0.273
0.245
0.223
0.181
0.160
0.152
0.175
0.171
0.163
0.170
0.198
0.256
0.385
0.458
0.425
0.434
0.384
0.391
0.332
0.285
0.263
0.232
0.240
0.348
0.439
0.493
0.583
0.534
0.442
0.425
0.363
0.295
0.236
0.189
0.154
0.124
0.103
0.083
0.066
0.054
0.051
0.041
0.039
0.053
0.049
0.040
0.038
0.034
0.027
0.023
0.027
0.022
0.017
0.014
0.015
0.034
0.102
0.248
0.256
0.298
0.305
0.261
0.212
0.169
0.136
0.109
0.087
0.069
0.056
0.045
0.036
0.029
0.026
0.021
0.017
0.014
0.012
0.010
0.008
0.007
0.007
0.014
0.016
0.046
0.042
0.035
0.036
0.035
0.033
0.026
0.021
0.017
0.014
0.011
0.012
0.036
0.057
0.072
0.081
0.160
0.149
0.181
0.342
0.336
0.303
0.254
0.205
0.181
0.203
0.173
0.143
0.117
0.099
0.084
0.073
0.069
0.057
0.048
0.039
0.031
0.025
0.025
0.024
0.025
0.045
0.133
0.261
0.334
0.326
0.393
0.510
0.582
0.511
0.439
0.415
0.353
0.314
0.279
0.237
0.212
0.232
0.284
0.251
0.204
0.173
0.193
0.179
0.152
0.124
0.118
0.158
0.183
0.339
0.369
0.339
0.389
0.384
0.330
0.268
0.217
0.202
0.263
0.237
0.233
0.202
0.190
0.214
0.258
0.345
0.340
0.308
0.261
0.210
0.168
0.139
0.115
0.093
0.077
0.065
0.052
0.042
0.035
0.028
0.022
0.018
0.014
0.012
0.009
0.011
0.034
0.050
0.066
0.060
0.057
0.056
0.052
0.043
0.034
0.028
0.023
0.022
0.024
0.027
0.023
0.022
0.037
0.040
0.066
0.089
0.157
0.219
0.307
0.347
0.386
0.472
0.425
0.374
0.304
0.246
0.197
0.158
0.129
0.104
0.083
0.067
0.057
0.053
0.043
0.034
0.027
0.022
0.020
0.032
0.047
0.084
0.086
0.092
0.133
0.222
0.233
0.196
0.160
0.142
0.149
0.226
0.265
0.293
0.278
0.231
0.193
0.183
0.271
0.285
0.245
0.214
0.177
0.142
0.114
0.094
0.081
0.083
0.092
0.099
0.128
0.119
0.172
0.157
0.156
0.128
0.109
0.108
0.091
0.074
0.069
0.058
0.051
0.042
0.034
0.028
0.031
0.059
0.076
0.084
0.113
0.155
0.168
0.271
0.350
0.318
0.300
0.307
0.422
0.402
0.358
0.325
0.266
0.215
0.172
0.137
0.111
0.096
0.078
0.063
0.050
0.040
0.034
0.027
0.023
0.020
0.016
0.015
0.012
0.010
0.008
0.007
0.006
0.006
0.005
0.004
0.003
0.003
0.008
0.007
0.007
0.006
0.005
0.004
0.003
0.003
0.008
0.032
0.031
0.029
0.027
0.024
0.021
0.017
0.015
0.012
0.012
0.010
0.008
0.006
0.005
0.004
0.006
0.004
0.004
0.003
0.002
0.002
0.002
0.008
0.007
0.006
0.005
0.004
0.003
0.004
0.013
0.023
0.020
0.017
0.015
0.012
0.010
0.009
0.007
0.006
0.006
0.008
0.021
0.023
0.054
0.082
0.133
0.190
0.169
0.190
0.268
0.240
0.196
0.176
0.143
0.125
0.101
0.081
0.065
0.056
0.046
0.038
0.030
0.027
0.022
0.018
0.015
0.016
0.014
0.011
0.009
0.007
0.013
0.015
0.015
0.012
0.011
0.009
0.008
0.008
0.007
0.006
0.008
0.013
0.012
0.011
0.009
0.009
0.007
0.006
0.005
0.004
0.005
0.010
0.009
0.010
0.008
0.007
0.005
0.004
0.004
0.003
0.003
0.005
0.020
0.025
0.053
0.157
0.188
0.226
0.219
0.207
0.184
0.237
0.335
0.307
0.320
0.270
0.254
0.332
0.312
0.292
0.311
0.266
0.257
0.301
0.422
0.520
0.522
0.490
0.421
0.350
0.316
0.280
0.319
0.283
0.290
0.398
0.417
0.506
0.510
0.436
0.370
0.301
0.245
0.201
0.165
0.132
0.106
0.086
0.081
0.085
0.121
0.170
0.149
0.129
0.112
0.121
0.103
0.085
0.069
0.064
0.056
0.050
0.065
0.086
0.099
0.093
0.134
0.158
0.148
0.122
0.110
0.099
0.120
0.120
0.156
0.141
0.175
0.194
0.224
0.200
0.189
0.160
0.151
0.163
0.148
0.164
0.143
0.118
0.100
0.108
0.144
0.224
0.265
0.311
0.407
0.382
0.439
0.541
0.614
0.554
0.583
0.505
0.469
0.459
0.470
0.432
0.406
0.403
0.354
0.328
0.353
0.320
0.263
0.217
0.192
0.231
0.243
0.243
0.338
0.336
0.373
0.325
0.326
0.284
0.230
0.185
0.149
0.119
0.098
0.079
0.073
0.068
0.068
0.058
0.057
0.056
0.059
0.049
0.045
0.036
0.031
0.039
0.036
0.035
0.044
0.088
0.201
0.227
0.234
0.197
0.163
0.134
0.114
0.101
0.117
0.173
0.162
0.137
0.110
0.088
0.071
0.059
0.062
0.054
0.068
0.119
0.132
0.123
0.125
0.114
0.120
0.177
0.324
0.338
0.365
0.473
0.432
0.357
0.287
0.233
0.188
0.158
0.127
0.108
0.097
0.080
0.078
0.093
0.159
0.193
0.319
0.330
0.286
0.237
0.191
0.153
0.122
0.098
0.079
0.063
0.050
0.040
0.032
0.026
0.021
0.017
0.013
0.011
0.009
0.009
0.008
0.010
0.008
0.007
0.005
0.004
0.004
0.003
0.003
0.002
0.002
0.003
0.009
0.011
0.019
0.058
0.206
0.258
0.315
0.286
0.235
0.195
0.163
0.132
0.115
0.094
0.080
0.074
0.077
0.091
0.096
0.080
0.066
0.053
0.043
0.036
0.030
0.028
0.025
0.029
0.027
0.023
0.031
0.027
0.022
0.018
0.014
0.012
0.011
0.009
0.007
0.006
0.005
0.004
0.003
0.002
0.002
0.004
0.003
0.007
0.018
0.040
0.093
0.101
0.100
0.089
0.072
0.058
0.047
0.037
0.030
0.024
0.020
0.016
0.013
0.012
0.012
0.010
0.010
0.010
0.008
0.011
0.031
0.106
0.101
0.083
0.071
0.059
0.047
0.038
0.030
0.027
0.022
0.018
0.015
0.012
0.010
0.008
0.006
0.006
0.005
0.006
0.006
0.005
0.004
0.003
0.003
0.002
0.002
0.001
0.005
0.031
0.072
0.072
0.061
0.053
0.060
0.119
0.160
0.164
0.138
0.111
0.089
0.071
0.057
0.046
0.037
0.029
0.023
0.019
0.015
0.012
0.010
0.008
0.006
0.005
0.005
0.005
0.010
0.048
0.106
0.254
0.248
0.306
0.335
0.293
0.327
0.299
0.263
0.245
0.312
0.285
0.290
0.361
0.333
0.432
0.489
0.447
0.486
0.540
0.479
0.409
0.429
0.376
0.432
0.534
0.535
0.555
0.490
0.407
0.332
0.269
0.219
0.175
0.140
0.112
0.090
0.072
0.059
0.055
0.050
0.052
0.043
0.034
0.028
0.026
0.021
0.019
0.015
0.012
0.010
0.008
0.012
0.018
0.036
0.051
0.068
0.081
0.095
0.190
0.194
0.266
0.251
0.293
0.272
0.251
0.321
0.449
0.490
0.512
0.459
0.393
0.373
0.429
0.418
0.369
0.314
0.267
0.264
0.259
0.305
0.335
0.296
0.241
0.195
0.158
0.132
0.106
0.088
0.072
0.058
0.047
0.038
0.030
0.024
0.020
0.016
0.013
0.015
0.015
0.041
0.049
0.086
0.207
0.316
0.322
0.316
0.268
0.223
0.184
0.149
0.120
0.097
0.079
0.063
0.051
0.041
0.034
0.028
0.024
0.020
0.018
0.022
0.018
0.015
0.012
0.010
0.010
0.020
0.026
0.041
0.036
0.032
0.055
0.048
0.047
0.045
0.043
0.050
0.082
0.147
0.243
0.377
0.449
0.435
0.535
0.487
0.464
0.402
0.344
0.284
0.277
0.230
0.205
0.190
0.190
0.158
0.162
0.176
0.205
0.289
0.268
0.269
0.315
0.316
0.397
0.403
0.345
0.371
0.386
0.344
0.309
0.252
0.207
0.166
0.133
0.106
0.086
0.072
0.058
0.046
0.037
0.030
0.027
0.046
0.044
0.060
0.079
0.153
0.148
0.151
0.185
0.220
0.222
0.192
0.227
0.380
0.361
0.328
0.402
0.359
0.294
0.242
0.221
0.186
0.201
0.286
0.321
0.387
0.363
0.360
0.348
0.477
0.516
0.498
0.418
0.359
0.358
0.327
0.269
0.235
0.224
0.201
0.189
0.160
0.156
0.170
0.181
0.163
0.145
0.134
0.143
0.234
0.249
0.290
0.287
0.286
0.245
0.198
0.169
0.174
0.170
0.151
0.130
0.123
0.180
0.216
0.190
0.155
0.143
0.191
0.262
0.248
0.242
0.205
0.227
0.194
0.203
0.258
0.376
0.368
0.312
0.276
0.275
0.244
0.237
0.212
0.176
0.171
0.178
0.253
0.238
0.238
0.286
0.307
0.271
0.222
0.214
0.183
0.148
0.120
0.105
0.102
0.093
0.078
0.079
0.071
0.057
0.046
0.037
0.030
0.027
0.030
0.025
0.032
0.027
0.022
0.017
0.018
0.016
0.013
0.014
0.019
0.035
0.084
0.093
0.142
0.132
0.108
0.088
0.070
0.056
0.045
0.036
0.030
0.025
0.022
0.020
0.016
0.013
0.011
0.015
0.018
0.015
0.012
0.011
0.012
0.010
0.008
0.006
0.007
0.014
0.018
0.016
0.014
0.012
0.011
0.011
0.023
0.024
0.020
0.016
0.014
0.011
0.010
0.008
0.006
0.006
0.012
0.013
0.014
0.011
0.010
0.016
0.016
0.028
0.046
0.063
0.067
0.056
0.050
0.041
0.046
0.040
0.048
0.046
0.039
0.034
0.029
0.026
0.029
0.024
0.020
0.016
0.013
0.011
0.012
0.013
0.032
0.033
0.027
0.021
0.017
0.014
0.012
0.010
0.008
0.007
0.005
0.006
0.014
0.031
0.031
0.025
0.020
0.016
0.013
0.010
0.008
0.007
0.006
0.005
0.008
0.014
0.013
0.011
0.009
0.008
0.006
0.005
0.004
0.003
0.003
0.003
0.012
0.038
0.081
0.102
0.087
0.075
0.061
0.049
0.039
0.037
0.056
0.048
0.056
0.110
0.269
0.363
0.361
0.430
0.398
0.371
0.331
0.285
0.255
0.209
0.185
0.183
0.160
0.187
0.217
0.290
0.364
0.327
0.316
0.381
0.382
0.421
0.521
0.514
0.480
0.493
0.425
0.347
0.292
0.238
0.191
0.153
0.122
0.098
0.079
0.063
0.051
0.040
0.032
0.026
0.021
0.024
0.019
0.022
0.018
0.015
0.015
0.038
0.096
0.105
0.179
0.291
0.274
0.272
0.234
0.226
0.201
0.178
0.202
0.215
0.237
0.209
0.197
0.215
0.183
0.185
0.177
0.179
0.286
0.283
0.369
0.420
0.437
0.372
0.301
0.243
0.196
0.165
0.133
0.111
0.090
0.072
0.058
0.046
0.038
0.030
0.024
0.020
0.016
0.014
0.020
0.057
0.099
0.116
0.101
0.120
0.124
0.117
0.096
0.077
0.062
0.052
0.041
0.036
0.043
0.053
0.077
0.149
0.258
0.308
0.315
0.438
0.424
0.437
0.381
0.384
0.322
0.272
0.220
0.176
0.142
0.114
0.091
0.073
0.059
0.047
0.038
0.031
0.024
0.023
0.021
0.028
0.028
0.025
0.027
0.036
0.039
0.034
0.029
0.023
0.019
0.015
0.012
0.012
0.029
0.039
0.033
0.026
0.022
0.018
0.016
0.014
0.011
0.011
0.009
0.007
0.006
0.005
0.004
0.003
0.003
0.004
0.019
0.017
0.019
0.022
0.052
0.090
0.206
0.289
0.341
0.307
0.268
0.293
0.290
0.287
0.241
0.221
0.186
0.154
0.152
0.193
0.175
0.192
0.183
0.207
0.236
0.213
0.252
0.230
0.215
0.213
0.188
0.155
0.146
0.140
0.125
0.106
0.106
0.089
0.072
0.058
0.046
0.037
0.030
0.024
0.019
0.015
0.013
0.012
0.011
0.009
0.007
0.006
0.005
0.004
0.003
0.003
0.008
0.013
0.014
0.035
0.076
0.145
0.136
0.177
0.223
0.195
0.241
0.221
0.186
0.185
0.185
0.234
0.273
0.241
0.207
0.171
0.166
0.177
0.152
0.136
0.111
0.099
0.098
0.085
0.104
0.181
0.174
0.213
0.236
0.224
0.224
0.225
0.340
0.419
0.466
0.511
0.465
0.397
0.321
0.259
0.223
0.194
0.173
0.152
0.151
0.236
0.368
0.441
0.391
0.330
0.309
0.260
0.215
0.174
0.140
0.115
0.096
0.078
0.066
0.053
0.046
0.039
0.031
0.025
0.021
0.018
0.017
0.017
0.015
0.012
0.010
0.008
0.006
0.005
0.004
0.010
0.009
0.008
0.006
0.005
0.004
0.004
0.007
0.014
0.014
0.014
0.026
0.024
0.036
0.034
0.030
0.024
0.019
0.017
0.017
0.016
0.013
0.010
0.008
0.011
0.009
0.011
0.011
0.009
0.008
0.006
0.006
0.008
0.007
0.008
0.007
0.005
0.004
0.004
0.003
0.002
0.002
0.002
0.001
0.001
0.001
0.001
0.004
0.008
0.034
0.090
0.084
0.069
0.055
0.044
0.037
0.034
0.038
0.035
0.045
0.048
0.040
0.032
0.027
0.022
0.017
0.014
0.013
0.020
0.017
0.022
0.063
0.093
0.109
0.129
0.177
0.263
0.269
0.351
0.352
0.298
0.268
0.223
0.224
0.210
0.243
0.212
0.243
0.316
0.291
0.380
0.381
0.428
0.481
0.458
0.438
0.379
0.332
0.284
0.235
0.189
0.158
0.129
0.106
0.093
0.076
0.061
0.054
0.044
0.041
0.034
0.027
0.024
0.021
0.023
0.038
0.114
0.277
0.403
0.402
0.343
0.343
0.289
0.257
0.313
0.327
0.321
0.456
0.444
0.398
0.449
0.441
0.387
0.326
0.262
0.210
0.168
0.136
0.114
0.110
0.091
0.075
0.067
0.056
0.058
0.100
0.111
0.165
0.164
0.254
0.248
0.282
0.352
0.479
0.577
0.524
0.538
0.600
0.590
0.496
0.455
0.386
0.320
0.260
0.218
0.213
0.227
0.205
0.200
0.165
0.137
0.112
0.092
0.075
0.060
0.049
0.040
0.032
0.027
0.028
0.029
0.024
0.023
0.020
0.016
0.015
0.025
0.022
0.021
0.019
0.015
0.017
0.014
0.012
0.010
0.008
0.006
0.006
0.007
0.018
0.018
0.016
0.013
0.016
0.018
0.016
0.016
0.019
0.019
0.029
0.035
0.054
0.086
0.118
0.201
0.260
0.240
0.258
0.218
0.217
0.223
0.228
0.350
0.337
0.319
0.357
0.308
0.301
0.385
0.490
0.471
0.489
0.429
0.429
0.435
0.380
0.374
0.478
0.432
0.430
0.361
0.310
0.270
0.236
0.211
0.238
0.263
0.356
0.458
0.452
0.378
0.316
0.256
0.205
0.165
0.132
0.106
0.085
0.068
0.054
0.044
0.035
0.028
0.023
0.019
0.015
0.013
0.012
0.011
0.009
0.009
0.007
0.006
0.005
0.004
0.003
0.003
0.002
0.002
0.001
0.001
0.001
0.001
0.003
0.003
0.005
0.006
0.005
0.007
0.011
0.027
0.033
0.057
0.095
0.252
0.282
0.243
0.216
0.209
0.172
0.149
0.124
0.100
0.083
0.090
0.171
0.173
0.243
0.230
0.239
0.291
0.291
0.412
0.400
0.334
0.302
0.334
0.452
0.451
0.511
0.449
0.496
0.502
0.467
0.411
0.463
0.427
0.446
0.410
0.449
0.427
0.475
0.556
0.525
0.601
0.540
0.538
0.476
0.402
0.333
0.269
0.236
0.216
0.269
0.251
0.279
0.262
0.217
0.190
0.228
0.205
0.172
0.169
0.148
0.128
0.124
0.141
0.165
0.246
0.235
0.196
0.158
0.126
0.101
0.081
0.065
0.053
0.043
0.035
0.028
0.029
0.039
0.078
0.223
0.261
0.270
0.273
0.250
0.243
0.222
0.182
0.154
0.124
0.099
0.080
0.069
0.083
0.071
0.072
0.089
0.104
0.110
0.128
0.144
0.204
0.237
0.208
0.170
0.138
0.115
0.122
0.168
0.150
0.139
0.116
0.093
0.075
0.064
0.055
0.075
0.083
0.136
0.262
0.311
0.321
0.365
0.322
0.274
0.224
0.180
0.145
0.117
0.094
0.078
0.064
0.052
0.042
0.034
0.027
0.022
0.018
0.014
0.012
0.009
0.007
0.007
0.006
0.005
0.004
0.005
0.005
0.004
0.005
0.004
0.004
0.007
0.010
0.008
0.006
0.005
0.004
0.003
0.003
0.006
0.024
0.028
0.051
0.052
0.049
0.081
0.162
0.160
0.168
0.142
0.139
0.117
0.094
0.076
0.061
0.049
0.039
0.031
0.025
0.020
0.016
0.017
0.030
0.038
0.062
0.071
0.097
0.099
0.095
0.080
0.064
0.051
0.041
0.034
0.029
0.025
0.021
0.024
0.025
0.024
0.022
0.018
0.024
0.021
0.021
0.021
0.036
0.038
0.053
0.045
0.037
0.035
0.032
0.040
0.049
0.042
0.034
0.027
0.022
0.019
0.019
0.015
0.014
0.013
0.014
0.012
0.010
0.008
0.007
0.007
0.008
0.026
0.105
0.279
0.382
0.406
0.426
0.391
0.369
0.379
0.396
0.465
0.505
0.589
0.649
0.646
0.621
0.542
0.499
0.467
0.418
0.351
0.284
0.242
0.200
0.184
0.219
0.189
0.164
0.174
0.173
0.277
0.272
0.369
0.348
0.315
0.384
0.375
0.322
0.284
0.258
0.307
0.411
0.388
0.420
0.414
0.404
0.346
0.290
0.233
0.186
0.149
0.120
0.101
0.100
0.113
0.128
0.170
0.162
0.138
0.112
0.095
0.076
0.062
0.050
0.044
0.069
0.083
0.074
0.061
0.055
0.045
0.039
0.031
0.027
0.027
0.026
0.024
0.020
0.019
0.017
0.014
0.011
0.009
0.007
0.006
0.005
0.004
0.003
0.003
0.003
0.003
0.002
0.002
0.001
0.001
0.005
0.004
0.004
0.003
0.003
0.003
0.003
0.003
0.002
0.002
0.002
0.001
0.002
0.011
0.015
0.014
0.011
0.009
0.008
0.006
0.005
0.004
0.003
0.003
0.002
0.002
0.003
0.003
0.002
0.002
0.002
0.005
0.005
0.008
0.010
0.023
0.042
0.042
0.055
0.094
0.164
0.154
0.127
0.117
0.143
0.244
0.275
0.237
0.196
0.157
0.126
0.106
0.121
0.109
0.089
0.073
0.066
0.092
0.107
0.218
0.230
0.334
0.427
0.386
0.444
0.478
0.420
0.344
0.291
0.253
0.213
0.188
0.198
0.178
0.208
0.201
0.183
0.247
0.226
0.223
0.187
0.151
0.122
0.098
0.078
0.063
0.051
0.042
0.034
0.028
0.025
0.030
0.026
0.031
0.051
0.058
0.067
0.059
0.058
0.048
0.055
0.046
0.050
0.048
0.070
0.138
0.128
0.112
0.114
0.094
0.098
0.083
0.067
0.055
0.058
0.056
0.061
0.052
0.054
0.051
0.043
0.034
0.029
0.023
0.020
0.018
0.014
0.012
0.021
0.030
0.037
0.090
0.133
0.211
0.198
0.256
0.268
0.254
0.277
0.245
0.294
0.286
0.244
0.206
0.189
0.236
0.339
0.324
0.288
0.241
0.214
0.196
0.164
0.132
0.106
0.085
0.068
0.054
0.043
0.037
0.038
0.031
0.025
0.020
0.016
0.014
0.011
0.009
0.007
0.006
0.005
0.005
0.010
0.035
0.139
0.146
0.184
0.254
0.273
0.288
0.324
0.385
0.365
0.329
0.377
0.336
0.286
0.271
0.260
0.365
0.337
0.283
0.242
0.262
0.389
0.406
0.349
0.286
0.263
0.266
0.382
0.373
0.320
0.266
0.220
0.177
0.141
0.113
0.091
0.073
0.059
0.048
0.044
0.036
0.035
0.031
0.048
0.043
0.043
0.072
0.106
0.117
0.104
0.092
0.075
0.060
0.048
0.039
0.031
0.026
0.024
0.021
0.019
0.017
0.014
0.014
0.030
0.037
0.055
0.058
0.085
0.086
0.080
0.065
0.053
0.043
0.035
0.030
0.026
0.026
0.021
0.017
0.017
0.033
0.049
0.078
0.067
0.057
0.046
0.037
0.030
0.026
0.021
0.017
0.013
0.011
0.009
0.007
0.006
0.005
0.004
0.012
0.049
0.113
0.184
0.197
0.183
0.153
0.139
0.155
0.177
0.216
0.192
0.193
0.272
0.264
0.219
0.211
0.216
0.199
0.265
0.260
0.281
0.253
0.276
0.348
0.336
0.322
0.285
0.240
0.228
0.188
0.153
0.123
0.099
0.079
0.063
0.051
0.043
0.050
0.041
0.038
0.032
0.027
0.023
0.020
0.020
0.016
0.017
0.026
0.022
0.018
0.015
0.014
0.011
0.011
0.010
0.008
0.006
0.005
0.004
0.005
0.005
0.004
0.004
0.003
0.002
0.003
0.002
0.004
0.022
0.109
0.115
0.167
0.196
0.172
0.140
0.113
0.090
0.072
0.058
0.046
0.038
0.040
0.083
0.161
0.165
0.145
0.123
0.102
0.084
0.069
0.063
0.070
0.087
0.181
0.192
0.178
0.172
0.141
0.114
0.091
0.074
0.060
0.050
0.043
0.047
0.061
0.074
0.097
0.220
0.250
0.218
0.232
0.248
0.243
0.215
0.182
0.150
0.122
0.106
0.118
0.109
0.092
0.081
0.108
0.140
0.149
0.247
0.320
0.344
0.423
0.515
0.464
0.491
0.483
0.435
0.380
0.371
0.340
0.357
0.413
0.397
0.455
0.452
0.403
0.340
0.276
0.221
0.177
0.142
0.113
0.092
0.077
0.069
0.087
0.092
0.140
0.176
0.277
0.291
0.249
0.201
0.170
0.170
0.179
0.259
0.265
0.395
0.496
0.539
0.561
0.495
0.534
0.461
0.409
0.369
0.448
0.491
0.457
0.410
0.421
0.437
0.398
0.411
0.352
0.298
0.260
0.216
0.189
0.209
0.184
0.187
0.170
0.229
0.345
0.375
0.340
0.294
0.248
0.214
0.177
0.146
0.120
0.098
0.080
0.065
0.054
0.043
0.035
0.028
0.025
0.020
0.016
0.013
0.020
0.048
0.046
0.037
0.030
0.024
0.022
0.018
0.014
0.016
0.014
0.022
0.028
0.074
0.191
0.221
0.331
0.309
0.265
0.253
0.242
0.208
0.168
0.135
0.108
0.088
0.081
0.117
0.211
0.261
0.280
0.303
0.363
0.321
0.360
0.325
0.268
0.226
0.182
0.159
0.156
0.128
0.109
0.102
0.084
0.067
0.057
0.045
0.037
0.029
0.024
0.022
0.017
0.014
0.011
0.009
0.009
0.010
0.008
0.006
0.005
0.005
0.004
0.003
0.002
0.002
0.002
0.002
0.001
0.001
0.001
0.001
0.001
0.001
0.001
0.002
0.006
0.020
0.021
0.022
0.025
0.034
0.064
0.110
0.139
0.122
0.100
0.083
0.073
0.060
0.052
0.043
0.043
0.051
0.075
0.088
0.120
0.111
0.131
0.124
0.103
0.084
0.085
0.107
0.125
0.114
0.094
0.075
0.065
0.061
0.068
0.120
0.187
0.173
0.154
0.126
0.105
0.085
0.069
0.058
0.057
0.086
0.084
0.070
0.075
0.088
0.123
0.121
0.125
0.222
0.313
0.284
0.244
0.197
0.167
0.161
0.208
0.212
0.269
0.280
0.237
0.193
0.162
0.133
0.108
0.101
0.102
0.093
0.107
0.099
0.116
0.099
0.099
0.111
0.100
0.090
0.100
0.097
0.114
0.179
0.196
0.331
0.317
0.302
0.273
0.233
0.188
0.151
0.121
0.097
0.078
0.062
0.050
0.040
0.032
0.026
0.021
0.017
0.014
0.013
0.017
0.030
0.026
0.029
0.030
0.046
0.133
0.238
0.282
0.375
0.376
0.377
0.317
0.259
0.207
0.166
0.133
0.106
0.085
0.068
0.055
0.046
0.038
0.032
0.031
0.031
0.025
0.022
0.019
0.015
0.012
0.010
0.008
0.006
0.005
0.004
0.004
0.004
0.004
0.003
0.002
0.002
0.002
0.002
0.001
0.003
0.002
0.002
0.001
0.003
0.003
0.006
0.006
0.005
0.004
0.004
0.003
0.002
0.003
0.003
0.015
0.073
0.137
0.259
0.247
0.342
0.380
0.329
0.333
0.286
0.240
0.193
0.159
0.152
0.135
0.124
0.157
0.150
0.125
0.101
0.082
0.066
0.053
0.045
0.059
0.063
0.126
0.120
0.154
0.265
0.301
0.408
0.447
0.397
0.451
0.395
0.349
0.371
0.319
0.261
0.215
0.174
0.151
0.166
0.146
0.169
0.250
0.392
0.391
0.334
0.275
0.221
0.177
0.142
0.114
0.093
0.074
0.062
0.055
0.046
0.040
0.034
0.032
0.032
0.028
0.043
0.055
0.069
0.072
0.059
0.047
0.038
0.030
0.024
0.019
0.015
0.012
0.010
0.010
0.008
0.006
0.005
0.004
0.008
0.032
0.063
0.058
0.056
0.073
0.064
0.051
0.047
0.055
0.060
0.066
0.077
0.081
0.096
0.094
0.079
0.064
0.052
0.044
0.042
0.058
0.134
0.139
0.141
0.147
0.141
0.116
0.095
0.087
0.076
0.102
0.153
0.312
0.382
0.489
0.450
0.433
0.381
0.310
0.250
0.200
0.160
0.128
0.103
0.082
0.066
0.053
0.043
0.035
0.028
0.023
0.018
0.015
0.012
0.010
0.008
0.006
0.005
0.004
0.003
0.003
0.002
0.002
0.010
0.034
0.036
0.032
0.029
0.028
0.023
0.018
0.017
0.016
0.016
0.015
0.012
0.012
0.015
0.013
0.019
0.068
0.103
0.139
0.305
0.398
0.360
0.339
0.308
0.391
0.370
0.414
0.388
0.348
0.283
0.227
0.182
0.145
0.116
0.094
0.082
0.098
0.181
0.195
0.331
0.417
0.417
0.422
0.360
0.385
0.405
0.382
0.345
0.284
0.244
0.244
0.233
0.214
0.177
0.142
0.115
0.092
0.077
0.062
0.053
0.053
0.054
0.060
0.093
0.165
0.158
0.198
0.197
0.203
0.177
0.148
0.119
0.107
0.121
0.157
0.186
0.161
0.132
0.106
0.092
0.074
0.063
0.053
0.042
0.037
0.044
0.037
0.031
0.025
0.020
0.016
0.013
0.010
0.008
0.007
0.007
0.006
0.004
0.004
0.006
0.008
0.016
0.019
0.020
0.016
0.014
0.023
0.035
0.035
0.031
0.027
0.023
0.019
0.017
0.014
0.012
0.010
0.013
0.026
0.024
0.028
0.037
0.032
0.031
0.029
0.032
0.062
0.091
0.225
0.218
0.195
0.203
0.180
0.148
0.119
0.099
0.101
0.084
0.067
0.054
0.044
0.035
0.028
0.023
0.018
0.015
0.015
0.021
0.017
0.018
0.038
0.044
0.066
0.136
0.136
0.130
0.137
0.179
0.165
0.141
0.125
0.105
0.088
0.071
0.065
0.098
0.159
0.151
0.134
0.124
0.105
0.108
0.153
0.199
0.272
0.294
0.330
0.304
0.280
0.307
0.264
0.225
0.205
0.220
0.307
0.306
0.355
0.388
0.337
0.295
0.314
0.274
0.223
0.189
0.185
0.173
0.157
0.159
0.243
0.311
0.319
0.296
0.296
0.274
0.253
0.275
0.289
0.261
0.215
0.184
0.196
0.226
0.203
0.221
0.256
0.228
0.188
0.180
0.227
0.344
0.444
0.486
0.517
0.445
0.403
0.330
0.286
0.281
0.364
0.339
0.304
0.297
0.249
0.201
0.173
0.141
0.114
0.094
0.082
0.110
0.180
0.324
0.420
0.406
0.338
0.271
0.218
0.174
0.139
0.112
0.090
0.072
0.057
0.046
0.037
0.030
0.024
0.021
0.027
0.032
0.049
0.047
0.055
0.056
0.093
0.146
0.131
0.129
0.161
0.147
0.123
0.132
0.177
0.159
0.204
0.188
0.155
0.138
0.146
0.214
0.336
0.390
0.346
0.336
0.282
0.271
0.292
0.255
0.219
0.178
0.160
0.133
0.107
0.086
0.077
0.064
0.053
0.043
0.035
0.028
0.022
0.018
0.015
0.014
0.011
0.009
0.007
0.007
0.016
0.058
0.055
0.050
0.040
0.033
0.029
0.024
0.020
0.018
0.025
0.023
0.019
0.015
0.012
0.011
0.019
0.038
0.113
0.115
0.104
0.085
0.082
0.066
0.055
0.056
0.047
0.038
0.030
0.024
0.019
0.016
0.013
0.012
0.010
0.009
0.008
0.010
0.035
0.058
0.116
0.109
0.107
0.163
0.224
0.203
0.244
0.348
0.364
0.354
0.322
0.266
0.216
0.173
0.139
0.114
0.093
0.078
0.065
0.053
0.049
0.047
0.046
0.038
0.041
0.090
0.200
0.233
0.336
0.395
0.441
0.386
0.315
0.254
0.208
0.167
0.134
0.108
0.089
0.088
0.080
0.065
0.053
0.042
0.034
0.027
0.022
0.017
0.014
0.011
0.009
0.007
0.009
0.009
0.007
0.008
0.009
0.013
0.018
0.030
0.047
0.052
0.057
0.117
0.242
0.234
0.198
0.203
0.182
0.148
0.121
0.097
0.078
0.063
0.057
0.054
0.047
0.047
0.048
0.064
0.055
0.044
0.036
0.029
0.031
0.030
0.024
0.027
0.039
0.037
0.037
0.053
0.079
0.120
0.129
0.122
0.175
0.157
0.159
0.149
0.189
0.223
0.314
0.324
0.316
0.311
0.293
0.299
0.351
0.413
0.441
0.405
0.365
0.406
0.365
0.347
0.402
0.407
0.403
0.382
0.425
0.410
0.344
0.337
0.284
0.236
0.219
0.206
0.171
0.150
0.127
0.102
0.081
0.065
0.052
0.042
0.035
0.031
0.032
0.049
0.137
0.210
0.293
0.288
0.418
0.417
0.373
0.329
0.283
0.237
0.239
0.277
0.291
0.247
0.215
0.257
0.270
0.307
0.336
0.446
0.435
0.373
0.409
0.479
0.527
0.591
0.548
0.495
0.545
0.558
0.516
0.426
0.342
0.274
0.219
0.176
0.141
0.113
0.098
0.089
0.072
0.059
0.047
0.038
0.031
0.026
0.024
0.020
0.016
0.013
0.011
0.008
0.007
0.005
0.005
0.005
0.004
0.005
0.004
0.003
0.003
0.003
0.002
0.003
0.015
0.014
0.015
0.036
0.054
0.053
0.043
0.037
0.033
0.042
0.043
0.050
0.041
0.033
0.030
0.041
0.049
0.071
0.089
0.114
0.104
0.086
0.075
0.072
0.065
0.074
0.062
0.068
0.131
0.146
0.128
0.115
0.094
0.075
0.060
0.048
0.039
0.031
0.025
0.020
0.017
0.016
0.013
0.013
0.024
0.020
0.016
0.016
0.014
0.016
0.015
0.012
0.010
0.009
0.012
0.023
0.072
0.097
0.146
0.260
0.259
0.254
0.264
0.297
0.378
0.390
0.334
0.281
0.273
0.344
0.429
0.520
0.466
0.401
0.337
0.281
0.263
0.245
0.213
0.202
0.168
0.139
0.114
0.107
0.149
0.132
0.112
0.110
0.093
0.089
0.074
0.059
0.047
0.038
0.034
0.028
0.028
0.053
0.076
0.084
0.080
0.066
0.054
0.043
0.038
0.032
0.026
0.024
0.042
0.051
0.043
0.034
0.028
0.022
0.018
0.015
0.012
0.013
0.016
0.013
0.017
0.015
0.019
0.024
0.020
0.017
0.015
0.021
0.025
0.031
0.051
0.045
0.038
0.033
0.026
0.021
0.018
0.016
0.013
0.013
0.011
0.008
0.008
0.006
0.005
0.005
0.005
0.014
0.020
0.017
0.014
0.015
0.012
0.010
0.011
0.024
0.023
0.019
0.015
0.016
0.013
0.010
0.008
0.007
0.005
0.004
0.003
0.003
0.002
0.002
0.002
0.002
0.002
0.002
0.008
0.041
0.055
0.132
0.142
0.249
0.264
0.238
0.279
0.411
0.455
0.398
0.334
0.269
0.216
0.173
0.142
0.122
0.098
0.085
0.105
0.236
0.261
0.224
0.200
0.213
0.184
0.170
0.145
0.116
0.093
0.075
0.060
0.048
0.039
0.031
0.025
0.021
0.018
0.015
0.014
0.017
0.032
0.030
0.027
0.023
0.030
0.084
0.178
0.192
0.326
0.345
0.399
0.374
0.363
0.314
0.330
0.289
0.314
0.306
0.443
0.497
0.482
0.508
0.449
0.383
0.314
0.269
0.225
0.188
0.152
0.122
0.099
0.080
0.064
0.051
0.043
0.035
0.033
0.031
0.043
0.042
0.038
0.042
0.066
0.063
0.064
0.066
0.056
0.066
0.140
0.133
0.201
0.213
0.256
0.236
0.199
0.162
0.132
0.119
0.100
0.083
0.082
0.073
0.061
0.049
0.042
0.042
0.058
0.091
0.084
0.100
0.110
0.210
0.310
0.358
0.339
0.457
0.520
0.491
0.454
0.428
0.359
0.292
0.261
0.223
0.210
0.201
0.230
0.358
0.387
0.361
0.351
0.300
0.247
0.199
0.168
0.140
0.130
0.116
0.129
0.130
0.110
0.088
0.071
0.063
0.065
0.105
0.094
0.076
0.061
0.050
0.042
0.033
0.029
0.025
0.032
0.029
0.023
0.021
0.033
0.063
0.070
0.061
0.050
0.051
0.073
0.078
0.118
0.143
0.141
0.197
0.264
0.258
0.348
0.317
0.282
0.246
0.282
0.251
0.297
0.292
0.322
0.286
0.247
0.274
0.241
0.297
0.352
0.311
0.336
0.452
0.462
0.405
0.352
0.293
0.274
0.254
0.232
0.276
0.271
0.279
0.236
0.195
0.195
0.162
0.152
0.134
0.144
0.122
0.129
0.206
0.202
0.172
0.138
0.112
0.101
0.086
0.085
0.108
0.121
0.107
0.091
0.096
0.083
0.109
0.214
0.204
0.210
0.207
0.260
0.266
0.243
0.204
0.167
0.149
0.198
0.177
0.192
0.255
0.301
0.303
0.269
0.230
0.185
0.149
0.119
0.095
0.081
0.073
0.107
0.130
0.135
0.144
0.124
0.129
0.120
0.157
0.139
0.124
0.106
0.107
0.095
0.127
0.123
0.100
0.103
0.093
0.084
0.084
0.069
0.058
0.060
0.050
0.060
0.068
0.060
0.050
0.057
0.097
0.253
0.306
0.280
0.261
0.314
0.282
0.261
0.223
0.187
0.167
0.164
0.193
0.222
0.242
0.207
0.177
0.152
0.160
0.232
0.368
0.355
0.337
0.375
0.323
0.286
0.240
0.214
0.205
0.208
0.183
0.154
0.131
0.112
0.095
0.077
0.063
0.061
0.056
0.045
0.036
0.029
0.024
0.019
0.016
0.012
0.010
0.008
0.007
0.010
0.009
0.007
0.007
0.007
0.007
0.006
0.014
0.014
0.011
0.014
0.014
0.026
0.049
0.045
0.036
0.037
0.046
0.114
0.135
0.234
0.277
0.273
0.227
0.208
0.270
0.261
0.250
0.207
0.167
0.133
0.107
0.086
0.069
0.055
0.044
0.035
0.029
0.027
0.021
0.018
0.017
0.015
0.012
0.011
0.009
0.008
0.009
0.008
0.011
0.012
0.009
0.008
0.006
0.005
0.004
0.004
0.006
0.010
0.026
0.055
0.057
0.058
0.074
0.117
0.291
0.297
0.264
0.240
0.205
0.169
0.136
0.109
0.087
0.070
0.056
0.045
0.036
0.029
0.023
0.019
0.017
0.014
0.011
0.010
0.008
0.007
0.015
0.014
0.011
0.010
0.008
0.007
0.006
0.009
0.008
0.006
0.005
0.005
0.007
0.022
0.062
0.062
0.050
0.041
0.032
0.026
0.028
0.023
0.020
0.017
0.014
0.016
0.020
0.019
0.039
0.063
0.078
0.093
0.092
0.077
0.063
0.051
0.042
0.036
0.029
0.025
0.025
0.052
0.158
0.153
0.162
0.148
0.131
0.147
0.132
0.107
0.096
0.102
0.087
0.073
0.083
0.074
0.065
0.064
0.057
0.077
0.072
0.114
0.109
0.103
0.084
0.070
0.056
0.046
0.037
0.031
0.026
0.025
0.028
0.055
0.088
0.152
0.138
0.125
0.104
0.089
0.078
0.072
0.078
0.066
0.053
0.044
0.035
0.031
0.031
0.028
0.025
0.020
0.016
0.013
0.012
0.010
0.011
0.025
0.074
0.090
0.085
0.070
0.056
0.046
0.038
0.035
0.029
0.023
0.019
0.015
0.012
0.011
0.009
0.007
0.008
0.007
0.007
0.021
0.035
0.030
0.029
0.024
0.020
0.023
0.060
0.079
0.135
0.198
0.230
0.202
0.229
0.227
0.341
0.325
0.276
0.223
0.179
0.150
0.125
0.137
0.169
0.179
0.153
0.123
0.101
0.081
0.065
0.052
0.042
0.034
0.028
0.026
0.023
0.019
0.015
0.012
0.010
0.008
0.009
0.026
0.074
0.074
0.062
0.051
0.052
0.060
0.076
0.176
0.261
0.268
0.364
0.405
0.381
0.314
0.259
0.220
0.185
0.193
0.213
0.181
0.173
0.175
0.147
0.119
0.095
0.077
0.070
0.087
0.101
0.174
0.324
0.313
0.277
0.231
0.191
0.171
0.152
0.123
0.098
0.079
0.064
0.051
0.041
0.033
0.027
0.021
0.017
0.014
0.012
0.009
0.010
0.019
0.074
0.104
0.100
0.138
0.122
0.103
0.082
0.066
0.054
0.051
0.059
0.080
0.115
0.117
0.112
0.149
0.297
0.288
0.255
0.248
0.366
0.337
0.284
0.250
0.204
0.163
0.133
0.117
0.153
0.139
0.129
0.161
0.318
0.375
0.406
0.437
0.458
0.397
0.322
0.280
0.231
0.185
0.148
0.120
0.096
0.078
0.068
0.055
0.046
0.047
0.040
0.038
0.031
0.025
0.020
0.017
0.014
0.014
0.015
0.014
0.027
0.034
0.086
0.108
0.132
0.114
0.101
0.137
0.162
0.160
0.161
0.165
0.157
0.154
0.176
0.193
0.169
0.149
0.121
0.097
0.077
0.064
0.051
0.042
0.036
0.035
0.053
0.070
0.101
0.095
0.079
0.065
0.056
0.045
0.045
0.038
0.040
0.033
0.028
0.022
0.018
0.014
0.011
0.009
0.007
0.006
0.005
0.004
0.003
0.004
0.003
0.004
0.003
0.003
0.002
0.002
0.002
0.006
0.015
0.058
0.091
0.094
0.103
0.094
0.078
0.068
0.066
0.110
0.116
0.128
0.152
0.129
0.122
0.109
0.094
0.085
0.073
0.066
0.098
0.098
0.093
0.101
0.088
0.089
0.141
0.203
0.191
0.227
0.283
0.422
0.507
0.510
0.471
0.430
0.366
0.312
0.260
0.242
0.224
0.235
0.213
0.234
0.276
0.241
0.207
0.175
0.141
0.115
0.115
0.107
0.088
0.070
0.056
0.046
0.039
0.038
0.033
0.045
0.076
0.073
0.096
0.164
0.243
0.251
0.303
0.349
0.316
0.322
0.280
0.270
0.273
0.236
0.194
0.173
0.177
0.153
0.181
0.171
0.155
0.127
0.116
0.109
0.102
0.104
0.137
0.271
0.260
0.296
0.311
0.269
0.241
0.285
0.303
0.295
0.350
0.437
0.433
0.365
0.309
0.261
0.219
0.178
0.142
0.114
0.093
0.080
0.074
0.063
0.052
0.043
0.035
0.034
0.029
0.026
0.021
0.017
0.013
0.011
0.009
0.007
0.012
0.016
0.032
0.114
0.113
0.094
0.076
0.061
0.055
0.067
0.063
0.072
0.094
0.093
0.106
0.114
0.095
0.076
0.061
0.049
0.039
0.035
0.028
0.025
0.023
0.037
0.124
0.140
0.172
0.193
0.172
0.206
0.237
0.363
0.362
0.412
0.366
0.396
0.513
0.517
0.544
0.470
0.381
0.312
0.250
0.200
0.160
0.129
0.103
0.084
0.067
0.054
0.043
0.035
0.028
0.022
0.018
0.014
0.011
0.009
0.007
0.006
0.005
0.004
0.003
0.005
0.020
0.031
0.027
0.021
0.018
0.015
0.013
0.010
0.009
0.008
0.012
0.035
0.110
0.116
0.101
0.094
0.109
0.096
0.083
0.084
0.120
0.134
0.113
0.100
0.082
0.067
0.055
0.044
0.036
0.033
0.046
0.043
0.059
0.072
0.076
0.072
0.068
0.057
0.052
0.044
0.039
0.042
0.071
0.099
0.101
0.083
0.077
0.075
0.070
0.070
0.096
0.096
0.110
0.102
0.145
0.273
0.261
0.244
0.334
0.412
0.403
0.414
0.476
0.515
0.492
0.412
0.350
0.335
0.305
0.262
0.218
0.186
0.159
0.133
0.137
0.128
0.187
0.170
0.234
0.222
0.230
0.231
0.241
0.250
0.210
0.211
0.200
0.182
0.218
0.188
0.153
0.122
0.100
0.085
0.099
0.168
0.159
0.134
0.138
0.120
0.143
0.122
0.103
0.083
0.075
0.083
0.129
0.123
0.101
0.081
0.065
0.053
0.042
0.034
0.027
0.022
0.020
0.016
0.013
0.010
0.008
0.007
0.006
0.007
0.025
0.057
0.055
0.069
0.060
0.053
0.064
0.063
0.053
0.060
0.076
0.098
0.093
0.077
0.062
0.049
0.040
0.032
0.031
0.031
0.025
0.022
0.017
0.014
0.018
0.024
0.023
0.024
0.050
0.056
0.100
0.130
0.164
0.215
0.189
0.154
0.143
0.156
0.135
0.138
0.119
0.096
0.077
0.063
0.063
0.075
0.080
0.145
0.178
0.273
0.261
0.219
0.176
0.141
0.113
0.090
0.072
0.060
0.053
0.054
0.091
0.087
0.073
0.060
0.052
0.047
0.038
0.039
0.042
0.041
0.064
0.059
0.048
0.040
0.046
0.052
0.046
0.049
0.042
0.034
0.027
0.027
0.025
0.030
0.075
0.163
0.157
0.188
0.183
0.160
0.135
0.116
0.134
0.141
0.221
0.228
0.214
0.177
0.155
0.150
0.146
0.173
0.149
0.138
0.123
0.151
0.167
0.195
0.236
0.270
0.242
0.207
0.171
0.140
0.130
0.109
0.095
0.080
0.065
0.056
0.046
0.037
0.030
0.024
0.020
0.016
0.013
0.010
0.009
0.013
0.013
0.012
0.009
0.009
0.008
0.006
0.005
0.004
0.004
0.003
0.003
0.004
0.009
0.035
0.049
0.043
0.049
0.065
0.055
0.069
0.079
0.083
0.131
0.151
0.131
0.146
0.195
0.175
0.222
0.196
0.160
0.130
0.126
0.104
0.091
0.109
0.092
0.111
0.189
0.185
0.170
0.139
0.116
0.093
0.075
0.060
0.048
0.040
0.032
0.026
0.023
0.026
0.052
0.077
0.196
0.217
0.307
0.292
0.276
0.281
0.259
0.259
0.217
0.180
0.160
0.155
0.129
0.106
0.085
0.068
0.055
0.046
0.048
0.041
0.033
0.028
0.027
0.026
0.026
0.035
0.062
0.060
0.059
0.076
0.085
0.107
0.094
0.109
0.095
0.083
0.083
0.073
0.093
0.080
0.097
0.162
0.196
0.173
0.151
0.155
0.158
0.227
0.211
0.248
0.271
0.300
0.261
0.296
0.344
0.326
0.269
0.234
0.193
0.164
0.173
0.159
0.165
0.152
0.157
0.150
0.124
0.118
0.117
0.105
0.102
0.156
0.182
0.167
0.206
0.182
0.155
0.131
0.132
0.198
0.195
0.187
0.158
0.143
0.126
0.102
0.090
0.095
0.143
0.188
0.168
0.146
0.131
0.143
0.248
0.243
0.205
0.164
0.132
0.106
0.085
0.068
0.060
0.048
0.044
0.036
0.029
0.025
0.025
0.026
0.022
0.018
0.014
0.011
0.009
0.008
0.006
0.005
0.004
0.004
0.003
0.002
0.003
0.002
0.002
0.006
0.028
0.038
0.032
0.028
0.029
0.041
0.113
0.283
0.383
0.460
0.453
0.382
0.339
0.298
0.305
0.350
0.320
0.264
0.213
0.171
0.137
0.110
0.088
0.070
0.056
0.046
0.039
0.034
0.037
0.043
0.051
0.080
0.142
0.159
0.135
0.127
0.193
0.182
0.185
0.159
0.131
0.106
0.084
0.068
0.054
0.044
0.037
0.051
0.068
0.094
0.194
0.257
0.387
0.477
0.577
0.608
0.555
0.479
0.490
0.427
0.423
0.517
0.610
0.558
0.467
0.380
0.317
0.310
0.446
0.417
0.352
0.347
0.307
0.280
0.235
0.206
0.219
0.256
0.321
0.338
0.383
0.340
0.367
0.321
0.277
0.265
0.242
0.197
0.184
0.181
0.160
0.159
0.178
0.153
0.131
0.156
0.271
0.255
0.233
0.223
0.226
0.203
0.231
0.213
0.181
0.199
0.175
0.142
0.117
0.119
0.101
0.088
0.075
0.070
0.065
0.054
0.044
0.039
0.032
0.027
0.022
0.017
0.014
0.011
0.009
0.010
0.030
0.079
0.090
0.104
0.091
0.075
0.063
0.054
0.052
0.043
0.035
0.028
0.023
0.027
0.032
0.039
0.040
0.033
0.026
0.021
0.017
0.014
0.011
0.009
0.007
0.008
0.012
0.025
0.029
0.032
0.026
0.022
0.018
0.022
0.021
0.037
0.094
0.220
0.219
0.185
0.151
0.128
0.108
0.092
0.102
0.089
0.073
0.060
0.051
0.047
0.042
0.046
0.043
0.065
0.059
0.048
0.038
0.031
0.025
0.021
0.024
0.021
0.022
0.022
0.018
0.014
0.012
0.010
0.008
0.009
0.010
0.014
0.031
0.028
0.031
0.075
0.070
0.075
0.132
0.127
0.124
0.146
0.136
0.125
0.102
0.089
0.076
0.094
0.203
0.226
0.253
0.296
0.287
0.413
0.387
0.362
0.405
0.430
0.539
0.574
0.606
0.640
0.552
0.458
0.429
0.505
0.499
0.425
0.390
0.343
0.280
0.225
0.180
0.144
0.115
0.092
0.074
0.059
0.048
0.050
0.041
0.033
0.030
0.046
0.056
0.092
0.182
0.239
0.222
0.183
0.147
0.118
0.095
0.078
0.065
0.070
0.077
0.155
0.154
0.195
0.297
0.283
0.278
0.301
0.294
0.269
0.299
0.426
0.424
0.375
0.329
0.268
0.215
0.172
0.138
0.110
0.088
0.071
0.058
0.046
0.037
0.030
0.025
0.027
0.030
0.039
0.088
0.081
0.068
0.078
0.099
0.099
0.099
0.099
0.099
0.099
0.099
