1, 0.;
2, 0.058831;
3, 0.056954;
4, 0.054106;
5, 0.053883;
6, 0.052962;
7, 0.053505;
8, 0.054376;
9, 0.056267;
10, 0.058064;
11, 0.060125;
12, 0.062083;
13, 0.063944;
14, 0.066066;
15, 0.068082;
16, 0.070351;
17, 0.075344;
18, 0.07796;
19, 0.081154;
20, 0.084189;
21, 0.08849;
22, 0.09825;
23, 0.110359;
24, 0.129663;
25, 0.148358;
26, 0.166472;
27, 0.18368;
28, 0.200028;
29, 0.215558;
30, 0.230312;
31, 0.244329;
32, 0.257644;
33, 0.270294;
34, 0.282311;
35, 0.293727;
36, 0.304573;
37, 0.314876;
38, 0.324664;
39, 0.333608;
40, 0.342105;
41, 0.350177;
42, 0.357846;
43, 0.365131;
44, 0.372052;
45, 0.378626;
46, 0.384872;
47, 0.390806;
48, 0.396443;
49, 0.401798;
50, 0.406886;
51, 0.411719;
52, 0.41631;
53, 0.420672;
54, 0.424815;
55, 0.428752;
56, 0.432492;
57, 0.43569;
58, 0.438728;
59, 0.441614;
60, 0.444356;
61, 0.446961;
62, 0.449436;
63, 0.451787;
64, 0.45402;
65, 0.456142;
66, 0.458157;
67, 0.459718;
68, 0.461554;
69, 0.463299;
70, 0.464957;
71, 0.466532;
72, 0.468028;
73, 0.469449;
74, 0.4708;
75, 0.472082;
76, 0.473301;
77, 0.474459;
78, 0.475558;
79, 0.476603;
80, 0.477596;
81, 0.478539;
82, 0.479434;
83, 0.480285;
84, 0.481094;
85, 0.481862;
86, 0.482591;
87, 0.483284;
88, 0.483943;
89, 0.484568;
90, 0.485163;
91, 0.485727;
92, 0.486264;
93, 0.486773;
94, 0.487257;
95, 0.487717;
96, 0.488154;
97, 0.488923;
98, 0.489655;
99, 0.489995;
100, 0.490672;
101, 0.490961;
102, 0.491236;
103, 0.491497;
104, 0.491745;
105, 0.49198;
106, 0.492204;
107, 0.492416;
108, 0.492618;
109, 0.49281;
110, 0.492992;
111, 0.493165;
112, 0.49333;
113, 0.493486;
114, 0.493634;
115, 0.493775;
116, 0.493909;
117, 0.494036;
118, 0.494157;
119, 0.494272;
120, 0.494381;
121, 0.494485;
122, 0.494583;
123, 0.494677;
124, 0.494766;
125, 0.49485;
126, 0.49493;
127, 0.495006;
128, 0.495433;
129, 0.495839;
130, 0.496224;
131, 0.496591;
132, 0.496938;
133, 0.497269;
134, 0.497583;
135, 0.497881;
136, 0.498164;
137, 0.498433;
138, 0.498689;
139, 0.498932;
140, 0.499162;
141, 0.499382;
142, 0.49959;
143, 0.499788;
144, 0.499976;
145, 0.500154;
146, 0.500324;
147, 0.500485;
148, 0.500638;
149, 0.500783;
150, 0.500921;
151, 0.501053;
152, 0.501177;
153, 0.501296;
154, 0.501408;
155, 0.501515;
156, 0.501617;
157, 0.501713;
158, 0.501805;
159, 0.501892;
160, 0.501975;
161, 0.502053;
162, 0.502128;
163, 0.502199;
164, 0.502266;
165, 0.502685;
166, 0.502728;
167, 0.502769;
168, 0.502808;
169, 0.502845;
170, 0.50288;
171, 0.502913;
172, 0.502945;
173, 0.502975;
174, 0.503003;
175, 0.50303;
176, 0.503056;
177, 0.503081;
178, 0.503104;
179, 0.503126;
180, 0.503147;
181, 0.503167;
182, 0.503541;
183, 0.503541;
184, 0.503541;
185, 0.503541;
186, 0.503542;
187, 0.503542;
188, 0.503542;
189, 0.503542;
190, 0.503542;
191, 0.503897;
192, 0.50388;
193, 0.503863;
194, 0.504202;
195, 0.504524;
196, 0.504475;
197, 0.504428;
198, 0.504384;
199, 0.504342;
200, 0.504302;
201, 0.504619;
202, 0.50492;
203, 0.504851;
204, 0.505141;
205, 0.505416;
206, 0.505677;
207, 0.50557;
208, 0.505824;
209, 0.506064;
210, 0.506293;
211, 0.50651;
212, 0.506717;
213, 0.506913;
214, 0.507099;
215, 0.507276;
216, 0.507444;
217, 0.507604;
218, 0.507756;
219, 0.5079;
220, 0.508037;
221, 0.508167;
222, 0.50829;
223, 0.508408;
224, 0.508519;
225, 0.508625;
226, 0.508726;
227, 0.508821;
228, 0.508912;
229, 0.508999;
230, 0.509081;
231, 0.509158;
232, 0.509232;
233, 0.509303;
234, 0.50937;
235, 0.509433;
236, 0.509493;
237, 0.509551;
238, 0.509605;
239, 0.509657;
240, 0.509706;
241, 0.509752;
242, 0.509797;
243, 0.509839;
244, 0.509879;
245, 0.509917;
246, 0.510307;
247, 0.510324;
248, 0.51034;
249, 0.510355;
250, 0.510723;
251, 0.510719;
252, 0.510715;
253, 0.510711;
254, 0.510708;
255, 0.510704;
256, 0.510701;
257, 0.510698;
258, 0.510695;
259, 0.510692;
260, 0.510689;
261, 0.510687;
262, 0.510684;
263, 0.510682;
264, 0.51068;
265, 0.510678;
266, 0.510676;
267, 0.510674;
268, 0.510672;
269, 0.51067;
270, 0.510669;
271, 0.510667;
272, 0.510666;
273, 0.510664;
274, 0.510663;
275, 0.510662;
276, 0.510661;
277, 0.51066;
278, 0.510659;
279, 0.510657;
280, 0.510657;
281, 0.510656;
282, 0.510655;
283, 0.510299;
284, 0.510316;
285, 0.510332;
286, 0.510348;
287, 0.510362;
288, 0.510376;
289, 0.510389;
290, 0.510402;
291, 0.510413;
292, 0.510425;
293, 0.510435;
294, 0.510445;
295, 0.510455;
296, 0.510464;
297, 0.510473;
298, 0.510836;
299, 0.510826;
300, 0.510817;
301, 0.511162;
302, 0.511136;
303, 0.511111;
304, 0.511088;
305, 0.511065;
306, 0.511044;
307, 0.511023;
308, 0.511004;
309, 0.510986;
310, 0.510969;
311, 0.521236;
312, 0.528862;
313, 0.538944;
314, 0.548167;
315, 0.557992;
316, 0.569454;
317, 0.580343;
318, 0.591397;
319, 0.601898;
320, 0.611874;
321, 0.621351;
322, 0.631064;
323, 0.640646;
324, 0.649393;
325, 0.657704;
326, 0.665599;
327, 0.673099;
328, 0.680224;
329, 0.687348;
330, 0.694115;
331, 0.70019;
332, 0.70596;
333, 0.711797;
334, 0.717342;
335, 0.722964;
336, 0.72866;
337, 0.735489;
338, 0.741977;
339, 0.748141;
340, 0.754351;
341, 0.759896;
342, 0.765518;
343, 0.771214;
344, 0.776625;
345, 0.782474;
346, 0.787677;
347, 0.792619;
348, 0.797314;
349, 0.80213;
350, 0.806349;
351, 0.810713;
352, 0.814503;
353, 0.818104;
354, 0.821171;
355, 0.824793;
356, 0.827525;
357, 0.83012;
358, 0.832586;
359, 0.835283;
360, 0.837845;
361, 0.840634;
362, 0.843283;
363, 0.845445;
364, 0.847144;
365, 0.849113;
366, 0.850629;
367, 0.852069;
368, 0.853438;
369, 0.854737;
370, 0.855618;
371, 0.856454;
372, 0.857603;
373, 0.858694;
374, 0.859731;
375, 0.860716;
376, 0.861297;
377, 0.862559;
378, 0.863048;
379, 0.863867;
380, 0.864291;
381, 0.864693;
382, 0.865785;
383, 0.866113;
384, 0.866424;
385, 0.86672;
386, 0.867001;
387, 0.867268;
388, 0.867521;
389, 0.868472;
390, 0.869374;
391, 0.869877;
392, 0.869646;
393, 0.869426;
394, 0.869217;
395, 0.869019;
396, 0.86883;
397, 0.868651;
398, 0.868481;
399, 0.868319;
400, 0.868875;
401, 0.869757;
402, 0.870241;
403, 0.870701;
404, 0.871137;
405, 0.871552;
406, 0.871946;
407, 0.871966;
408, 0.873048;
409, 0.873368;
410, 0.873671;
411, 0.874314;
412, 0.874569;
413, 0.874813;
414, 0.874689;
415, 0.874572;
416, 0.875169;
417, 0.876092;
418, 0.876613;
419, 0.876754;
420, 0.876888;
421, 0.876661;
422, 0.876445;
423, 0.876594;
424, 0.876736;
425, 0.876871;
426, 0.876999;
427, 0.876766;
428, 0.877609;
429, 0.8777;
430, 0.878141;
431, 0.878206;
432, 0.878622;
433, 0.880081;
434, 0.881112;
435, 0.881737;
436, 0.882331;
437, 0.882896;
438, 0.884141;
439, 0.884969;
440, 0.886465;
441, 0.887532;
442, 0.888191;
443, 0.888817;
444, 0.889766;
445, 0.890668;
446, 0.89117;
447, 0.892002;
448, 0.892437;
449, 0.893914;
450, 0.895673;
451, 0.896279;
452, 0.896855;
453, 0.897757;
454, 0.897905;
455, 0.8984;
456, 0.898515;
457, 0.898625;
458, 0.899438;
459, 0.899502;
460, 0.899562;
461, 0.899619;
462, 0.899319;
463, 0.899743;
464, 0.900501;
465, 0.901221;
466, 0.902968;
467, 0.903919;
468, 0.904468;
469, 0.905698;
470, 0.906513;
471, 0.907641;
472, 0.908713;
473, 0.909731;
474, 0.910698;
475, 0.911617;
476, 0.912845;
477, 0.914011;
478, 0.915474;
479, 0.917218;
480, 0.918875;
481, 0.919739;
482, 0.920561;
483, 0.921696;
484, 0.92242;
485, 0.923107;
486, 0.92447;
487, 0.925055;
488, 0.92561;
489, 0.926493;
490, 0.927332;
491, 0.927773;
492, 0.928548;
493, 0.928929;
494, 0.929291;
495, 0.92999;
496, 0.929944;
497, 0.929901;
498, 0.930214;
499, 0.930157;
500, 0.930458;
501, 0.930389;
502, 0.930323;
503, 0.930261;
504, 0.930202;
505, 0.930501;
506, 0.931139;
507, 0.931036;
508, 0.930938;
509, 0.931199;
510, 0.931448;
511, 0.931684;
512, 0.931908;
513, 0.932831;
514, 0.933352;
515, 0.934202;
516, 0.935365;
517, 0.935759;
518, 0.936135;
519, 0.936491;
520, 0.937539;
521, 0.937825;
522, 0.938097;
523, 0.938355;
524, 0.9386;
525, 0.938834;
526, 0.939055;
527, 0.940329;
528, 0.94154;
529, 0.942335;
530, 0.942381;
531, 0.942425;
532, 0.942467;
533, 0.942507;
534, 0.942899;
535, 0.943272;
536, 0.943272;
537, 0.943626;
538, 0.943253;
539, 0.943254;
540, 0.942899;
541, 0.942563;
542, 0.942243;
543, 0.94194;
544, 0.942006;
545, 0.941714;
546, 0.941791;
547, 0.941865;
548, 0.941935;
549, 0.942001;
550, 0.942064;
551, 0.942479;
552, 0.942873;
553, 0.943601;
554, 0.944294;
555, 0.94566;
556, 0.946959;
557, 0.948193;
558, 0.94901;
559, 0.949432;
560, 0.949832;
561, 0.950213;
562, 0.95093;
563, 0.95161;
564, 0.951902;
565, 0.952179;
566, 0.952797;
567, 0.95303;
568, 0.953605;
569, 0.954861;
570, 0.955345;
571, 0.955805;
572, 0.955887;
573, 0.956319;
574, 0.957085;
575, 0.957458;
576, 0.957457;
577, 0.95852;
578, 0.959176;
579, 0.959089;
580, 0.959362;
581, 0.959975;
582, 0.960913;
583, 0.962158;
584, 0.962986;
585, 0.963773;
586, 0.964521;
587, 0.965231;
588, 0.965905;
589, 0.967255;
590, 0.968538;
591, 0.969402;
592, 0.970223;
593, 0.970648;
594, 0.972115;
595, 0.972446;
596, 0.97276;
597, 0.972703;
598, 0.97265;
599, 0.972244;
600, 0.971859;
601, 0.971138;
602, 0.970808;
603, 0.97014;
604, 0.969505;
605, 0.968548;
606, 0.967993;
607, 0.967111;
608, 0.966273;
609, 0.965477;
610, 0.964721;
611, 0.964712;
612, 0.963994;
613, 0.964021;
614, 0.962983;
615, 0.961997;
616, 0.961415;
617, 0.960508;
618, 0.960709;
619, 0.960191;
620, 0.9597;
621, 0.958878;
622, 0.958452;
623, 0.958401;
624, 0.957644;
625, 0.956925;
626, 0.956597;
627, 0.95593;
628, 0.955297;
629, 0.95434;
630, 0.953432;
631, 0.952569;
632, 0.951749;
633, 0.951325;
634, 0.951276;
635, 0.950875;
636, 0.950495;
637, 0.950133;
638, 0.94979;
639, 0.949463;
640, 0.949862;
641, 0.949887;
642, 0.94991;
643, 0.949933;
644, 0.949599;
645, 0.949282;
646, 0.948981;
647, 0.94905;
648, 0.949115;
649, 0.949177;
650, 0.949236;
651, 0.948937;
652, 0.949008;
653, 0.948721;
654, 0.948448;
655, 0.948189;
656, 0.948652;
657, 0.949446;
658, 0.950201;
659, 0.950918;
660, 0.951244;
661, 0.951909;
662, 0.952186;
663, 0.952449;
664, 0.952699;
665, 0.952581;
666, 0.95247;
667, 0.952719;
668, 0.952955;
669, 0.953534;
670, 0.954085;
671, 0.954253;
672, 0.954413;
673, 0.954564;
674, 0.954354;
675, 0.954154;
676, 0.954318;
677, 0.954829;
678, 0.954606;
679, 0.954748;
680, 0.954883;
681, 0.955011;
682, 0.955487;
683, 0.956295;
684, 0.956707;
685, 0.956389;
686, 0.956442;
687, 0.956492;
688, 0.956895;
689, 0.956922;
690, 0.956948;
691, 0.956619;
692, 0.956306;
693, 0.956008;
694, 0.95608;
695, 0.955794;
696, 0.955522;
697, 0.955973;
698, 0.956401;
699, 0.956808;
700, 0.957194;
701, 0.957562;
702, 0.957556;
703, 0.95755;
704, 0.957191;
705, 0.956849;
706, 0.956879;
707, 0.956553;
708, 0.956952;
709, 0.957686;
710, 0.958028;
711, 0.957999;
712, 0.957972;
713, 0.957946;
714, 0.957566;
715, 0.95756;
716, 0.957554;
717, 0.957194;
718, 0.957207;
719, 0.956864;
720, 0.956894;
721, 0.956921;
722, 0.958011;
723, 0.958692;
724, 0.959339;
725, 0.959599;
726, 0.959846;
727, 0.960081;
728, 0.959949;
729, 0.959824;
730, 0.959705;
731, 0.959592;
732, 0.959485;
733, 0.959383;
734, 0.959286;
735, 0.959194;
736, 0.958752;
737, 0.958332;
738, 0.957934;
739, 0.957555;
740, 0.957549;
741, 0.957544;
742, 0.957539;
743, 0.957535;
744, 0.95753;
745, 0.956817;
746, 0.956139;
747, 0.955495;
748, 0.954884;
749, 0.954303;
750, 0.953396;
751, 0.952535;
752, 0.951716;
753, 0.950939;
754, 0.950555;
755, 0.949836;
756, 0.950217;
757, 0.950223;
758, 0.949875;
759, 0.949545;
760, 0.949585;
761, 0.948915;
762, 0.948277;
763, 0.948027;
764, 0.947434;
765, 0.946871;
766, 0.946336;
767, 0.945827;
768, 0.945344;
769, 0.944886;
770, 0.94445;
771, 0.944036;
772, 0.943643;
773, 0.943624;
774, 0.943251;
775, 0.942897;
776, 0.942561;
777, 0.942596;
778, 0.942274;
779, 0.941615;
780, 0.941342;
781, 0.940375;
782, 0.939455;
783, 0.938582;
784, 0.938461;
785, 0.938347;
786, 0.938592;
787, 0.93918;
788, 0.939739;
789, 0.939561;
790, 0.939746;
791, 0.940631;
792, 0.941117;
793, 0.941224;
794, 0.941326;
795, 0.941068;
796, 0.940823;
797, 0.940236;
798, 0.939678;
799, 0.939148;
800, 0.938999;
801, 0.938858;
802, 0.938369;
803, 0.938259;
804, 0.938155;
805, 0.937346;
806, 0.936578;
807, 0.936558;
808, 0.936184;
