1, 0.;
2, 0.89532;
3, 0.86569;
4, 0.836729;
5, 0.807461;
6, 0.779655;
7, 0.751889;
8, 0.724699;
9, 0.699275;
10, 0.673636;
11, 0.648738;
12, 0.625355;
13, 0.602736;
14, 0.580842;
15, 0.559368;
16, 0.538832;
17, 0.519593;
18, 0.500911;
19, 0.482757;
20, 0.465511;
21, 0.448722;
22, 0.433583;
23, 0.418255;
24, 0.403694;
25, 0.389861;
26, 0.376178;
27, 0.363045;
28, 0.350028;
29, 0.337932;
30, 0.326171;
31, 0.314321;
32, 0.303335;
33, 0.292628;
34, 0.282726;
35, 0.272914;
36, 0.262917;
37, 0.25342;
38, 0.244533;
39, 0.235684;
40, 0.227143;
41, 0.218759;
42, 0.210794;
43, 0.203633;
44, 0.196019;
45, 0.189326;
46, 0.183103;
47, 0.176515;
48, 0.170663;
49, 0.164697;
50, 0.159165;
51, 0.154044;
52, 0.149045;
53, 0.14416;
54, 0.139925;
55, 0.135497;
56, 0.131154;
57, 0.127434;
58, 0.123765;
59, 0.120415;
60, 0.116556;
61, 0.113296;
62, 0.109523;
63, 0.106344;
64, 0.103324;
65, 0.10005;
66, 0.09721;
67, 0.094106;
68, 0.091157;
69, 0.088221;
70, 0.085837;
71, 0.083572;
72, 0.081015;
73, 0.078316;
74, 0.076427;
75, 0.074498;
76, 0.072259;
77, 0.070403;
78, 0.067964;
79, 0.065512;
80, 0.063317;
81, 0.061368;
82, 0.058299;
83, 0.056736;
84, 0.05498;
85, 0.053988;
86, 0.052775;
87, 0.051352;
88, 0.050001;
89, 0.049122;
90, 0.048018;
91, 0.047374;
92, 0.046762;
93, 0.046045;
94, 0.04577;
95, 0.045508;
96, 0.04499;
97, 0.044902;
98, 0.044955;
99, 0.044599;
100, 0.044531;
101, 0.044602;
102, 0.044669;
103, 0.044598;
104, 0.0448;
105, 0.044993;
106, 0.045175;
107, 0.045214;
108, 0.045521;
109, 0.045948;
110, 0.046083;
111, 0.046481;
112, 0.046725;
113, 0.047226;
114, 0.047973;
115, 0.049088;
116, 0.049877;
117, 0.050626;
118, 0.061338;
119, 0.070839;
120, 0.081216;
121, 0.088371;
122, 0.093547;
123, 0.097924;
124, 0.100595;
125, 0.103268;
126, 0.103105;
127, 0.10349;
128, 0.103451;
129, 0.103278;
130, 0.103385;
131, 0.103486;
132, 0.104122;
133, 0.104051;
134, 0.104119;
135, 0.104318;
136, 0.103967;
137, 0.102958;
138, 0.102945;
139, 0.102258;
140, 0.102145;
141, 0.101632;
142, 0.10101;
143, 0.100554;
144, 0.100121;
145, 0.099709;
146, 0.1004;
147, 0.100245;
148, 0.100367;
149, 0.10143;
150, 0.102845;
151, 0.103379;
152, 0.104561;
153, 0.107711;
154, 0.110974;
155, 0.11475;
156, 0.118607;
157, 0.123082;
158, 0.128144;
159, 0.133764;
160, 0.139508;
161, 0.144019;
162, 0.14871;
163, 0.152896;
164, 0.157143;
165, 0.160502;
166, 0.16491;
167, 0.170313;
168, 0.175986;
169, 0.180295;
170, 0.183443;
171, 0.187108;
172, 0.190321;
173, 0.192426;
174, 0.195778;
175, 0.197611;
176, 0.199352;
177, 0.196276;
178, 0.196462;
179, 0.195558;
180, 0.194834;
181, 0.190363;
182, 0.187872;
183, 0.186586;
184, 0.184149;
185, 0.182103;
186, 0.179755;
187, 0.176443;
188, 0.173432;
189, 0.171382;
190, 0.169029;
191, 0.166794;
192, 0.16413;
193, 0.161734;
194, 0.159863;
195, 0.159843;
196, 0.159419;
197, 0.158745;
198, 0.158105;
199, 0.159254;
200, 0.158994;
201, 0.159287;
202, 0.158485;
203, 0.157858;
204, 0.157938;
205, 0.157609;
206, 0.157026;
207, 0.156607;
208, 0.15702;
209, 0.157007;
210, 0.158481;
211, 0.160421;
212, 0.161454;
213, 0.162571;
214, 0.163902;
215, 0.165436;
216, 0.166489;
217, 0.168165;
218, 0.174621;
219, 0.181836;
220, 0.188015;
221, 0.193614;
222, 0.198122;
223, 0.200513;
224, 0.203866;
225, 0.206781;
226, 0.20928;
227, 0.211113;
228, 0.211909;
229, 0.210503;
230, 0.209437;
231, 0.207073;
232, 0.204692;
233, 0.201215;
234, 0.19764;
235, 0.194245;
236, 0.191965;
237, 0.189259;
238, 0.186012;
239, 0.183063;
240, 0.180396;
241, 0.177998;
242, 0.175584;
243, 0.172751;
244, 0.17033;
245, 0.1683;
246, 0.165425;
247, 0.163641;
248, 0.16154;
249, 0.159949;
250, 0.158979;
251, 0.156841;
252, 0.155485;
253, 0.153927;
254, 0.152987;
255, 0.152365;
256, 0.151909;
257, 0.151341;
258, 0.149719;
259, 0.149936;
260, 0.149737;
261, 0.150223;
262, 0.150414;
263, 0.150732;
264, 0.151168;
265, 0.150772;
266, 0.151882;
267, 0.151855;
268, 0.153046;
269, 0.153907;
270, 0.155131;
271, 0.156969;
272, 0.158175;
273, 0.159861;
274, 0.161732;
275, 0.163781;
276, 0.165457;
277, 0.167589;
278, 0.170696;
279, 0.172972;
280, 0.177702;
281, 0.18233;
282, 0.187809;
283, 0.193013;
284, 0.198497;
285, 0.205329;
286, 0.213036;
287, 0.219411;
288, 0.226008;
289, 0.231464;
290, 0.237999;
291, 0.243261;
292, 0.248531;
293, 0.254212;
294, 0.258934;
295, 0.264231;
296, 0.266965;
297, 0.271049;
298, 0.27547;
299, 0.278318;
300, 0.282375;
301, 0.285959;
302, 0.289634;
303, 0.294206;
304, 0.297739;
305, 0.30096;
306, 0.304561;
307, 0.307982;
308, 0.31015;
309, 0.313021;
310, 0.316289;
311, 0.319123;
312, 0.321005;
313, 0.322117;
314, 0.323443;
315, 0.323758;
316, 0.325948;
317, 0.328164;
318, 0.329999;
319, 0.330661;
320, 0.331966;
321, 0.3328;
322, 0.333593;
323, 0.334751;
324, 0.337203;
325, 0.338991;
326, 0.339204;
327, 0.339676;
328, 0.339854;
329, 0.340159;
330, 0.339502;
331, 0.339419;
332, 0.340556;
333, 0.341637;
334, 0.343068;
335, 0.342807;
336, 0.343099;
337, 0.344457;
338, 0.344937;
339, 0.346069;
340, 0.348225;
341, 0.348516;
342, 0.348523;
343, 0.348124;
344, 0.347609;
345, 0.34631;
346, 0.343995;
347, 0.343011;
348, 0.342347;
349, 0.342122;
350, 0.341367;
351, 0.340515;
352, 0.338759;
353, 0.337497;
354, 0.335757;
355, 0.33424;
356, 0.334555;
357, 0.332557;
358, 0.329172;
359, 0.325416;
360, 0.321308;
361, 0.317404;
362, 0.314237;
363, 0.310687;
364, 0.30718;
365, 0.304253;
366, 0.300932;
367, 0.298183;
368, 0.294085;
369, 0.290732;
370, 0.287141;
371, 0.28373;
372, 0.280219;
373, 0.27756;
374, 0.274763;
375, 0.272241;
376, 0.268899;
377, 0.266535;
378, 0.263208;
379, 0.260318;
380, 0.257843;
381, 0.255356;
382, 0.252859;
383, 0.250621;
384, 0.24782;
385, 0.245429;
386, 0.243022;
387, 0.240736;
388, 0.238024;
389, 0.236393;
390, 0.234978;
391, 0.233094;
392, 0.23171;
393, 0.229989;
394, 0.228625;
395, 0.226923;
396, 0.226388;
397, 0.225339;
398, 0.223937;
399, 0.22274;
400, 0.222008;
401, 0.221043;
402, 0.220261;
403, 0.219383;
404, 0.218549;
405, 0.218162;
406, 0.217524;
407, 0.216919;
408, 0.216343;
409, 0.215796;
410, 0.215682;
411, 0.215573;
412, 0.21493;
413, 0.214048;
414, 0.213076;
415, 0.212287;
416, 0.211267;
417, 0.210433;
418, 0.209371;
419, 0.208767;
420, 0.207924;
421, 0.206717;
422, 0.20584;
423, 0.204467;
424, 0.203028;
425, 0.202065;
426, 0.200881;
427, 0.199621;
428, 0.198018;
429, 0.196766;
430, 0.195171;
431, 0.193385;
432, 0.192635;
433, 0.191246;
434, 0.189387;
435, 0.188026;
436, 0.186192;
437, 0.185396;
438, 0.184504;
439, 0.183252;
440, 0.181792;
441, 0.180676;
442, 0.179345;
443, 0.178621;
444, 0.176852;
445, 0.175171;
446, 0.17344;
447, 0.1722;
448, 0.170617;
449, 0.168303;
450, 0.166779;
451, 0.165602;
452, 0.164079;
453, 0.163172;
454, 0.162717;
455, 0.161473;
456, 0.160696;
457, 0.160364;
458, 0.159914;
459, 0.159485;
460, 0.159079;
461, 0.158287;
462, 0.158346;
463, 0.158131;
464, 0.157387;
465, 0.157625;
466, 0.157717;
467, 0.157534;
468, 0.15709;
469, 0.156532;
470, 0.157219;
471, 0.157196;
472, 0.157309;
473, 0.157552;
474, 0.158188;
475, 0.158116;
476, 0.158454;
477, 0.15918;
478, 0.159599;
479, 0.159592;
480, 0.159856;
481, 0.160106;
482, 0.160074;
483, 0.160313;
484, 0.160541;
485, 0.160352;
486, 0.160983;
487, 0.161312;
488, 0.16203;
489, 0.162577;
490, 0.163232;
491, 0.163584;
492, 0.163513;
493, 0.164392;
494, 0.165226;
495, 0.165884;
496, 0.166508;
497, 0.167237;
498, 0.167389;
499, 0.168073;
500, 0.169264;
501, 0.16999;
502, 0.17095;
503, 0.171997;
504, 0.172992;
505, 0.174207;
506, 0.174956;
507, 0.175668;
508, 0.176479;
509, 0.176844;
510, 0.177867;
511, 0.179514;
512, 0.180674;
513, 0.18164;
514, 0.182693;
515, 0.183558;
516, 0.184516;
517, 0.185425;
518, 0.186289;
519, 0.187515;
520, 0.188004;
521, 0.189009;
522, 0.189964;
523, 0.191142;
524, 0.19226;
525, 0.193053;
526, 0.194211;
527, 0.194365;
528, 0.195323;
529, 0.196097;
530, 0.197644;
531, 0.199248;
532, 0.200096;
533, 0.201308;
534, 0.202323;
535, 0.202748;
536, 0.203691;
537, 0.203507;
538, 0.203737;
539, 0.204496;
540, 0.205217;
541, 0.205902;
542, 0.206013;
543, 0.206252;
544, 0.206751;
545, 0.207224;
546, 0.207809;
547, 0.207689;
548, 0.208115;
549, 0.20825;
550, 0.208783;
551, 0.209425;
552, 0.209765;
553, 0.210222;
554, 0.210792;
555, 0.211874;
556, 0.212632;
557, 0.212541;
558, 0.2134;
559, 0.214352;
560, 0.215526;
561, 0.216507;
562, 0.217844;
563, 0.218978;
564, 0.220192;
565, 0.221209;
566, 0.22204;
567, 0.223641;
568, 0.224756;
569, 0.226221;
570, 0.227613;
571, 0.228259;
572, 0.229684;
573, 0.230497;
574, 0.230999;
575, 0.230395;
576, 0.230497;
577, 0.230594;
578, 0.231226;
579, 0.231017;
580, 0.231493;
581, 0.231945;
582, 0.231969;
583, 0.231857;
584, 0.232427;
585, 0.232697;
586, 0.233089;
587, 0.233597;
588, 0.233809;
589, 0.234416;
590, 0.234317;
591, 0.234087;
592, 0.233599;
593, 0.234217;
594, 0.234668;
595, 0.235367;
596, 0.235491;
597, 0.236013;
598, 0.237051;
599, 0.23763;
600, 0.238316;
601, 0.238698;
602, 0.239601;
603, 0.240459;
604, 0.242084;
605, 0.243629;
606, 0.244961;
607, 0.245821;
608, 0.247043;
609, 0.248475;
610, 0.250781;
611, 0.252566;
612, 0.254397;
613, 0.257083;
614, 0.259499;
615, 0.2622;
616, 0.26409;
617, 0.265615;
618, 0.267875;
619, 0.269481;
620, 0.271142;
621, 0.274072;
622, 0.27699;
623, 0.281789;
624, 0.282834;
625, 0.293963;
626, 0.295076;
627, 0.302484;
628, 0.309117;
629, 0.318391;
630, 0.320039;
631, 0.323361;
632, 0.327733;
633, 0.336212;
634, 0.344266;
635, 0.348674;
636, 0.35597;
637, 0.361685;
638, 0.368871;
639, 0.37286;
640, 0.378677;
641, 0.384337;
642, 0.388769;
643, 0.394466;
644, 0.398256;
645, 0.402532;
646, 0.404163;
647, 0.407333;
648, 0.409804;
649, 0.412557;
650, 0.413821;
651, 0.412995;
652, 0.41248;
653, 0.412397;
654, 0.412723;
655, 0.411006;
656, 0.407347;
657, 0.404412;
658, 0.405678;
659, 0.409854;
660, 0.412739;
661, 0.414265;
662, 0.415578;
663, 0.414935;
664, 0.416755;
665, 0.416458;
666, 0.415906;
667, 0.418759;
668, 0.419443;
669, 0.417795;
670, 0.417446;
671, 0.419546;
672, 0.421272;
673, 0.421424;
674, 0.419677;
675, 0.420315;
676, 0.423489;
677, 0.423395;
678, 0.420063;
679, 0.417439;
680, 0.421161;
681, 0.423752;
682, 0.421348;
683, 0.417037;
684, 0.411996;
685, 0.408424;
686, 0.40584;
687, 0.409602;
688, 0.413041;
689, 0.411984;
690, 0.408276;
691, 0.410025;
692, 0.413983;
693, 0.416797;
694, 0.419606;
695, 0.42241;
696, 0.421694;
697, 0.42561;
698, 0.426221;
699, 0.424775;
700, 0.428536;
701, 0.431974;
702, 0.432673;
703, 0.436174;
704, 0.431122;
705, 0.42862;
706, 0.432324;
707, 0.434897;
708, 0.437342;
709, 0.434799;
710, 0.436302;
711, 0.440974;
712, 0.440141;
713, 0.443404;
714, 0.44164;
715, 0.444287;
716, 0.447613;
717, 0.450908;
718, 0.448904;
719, 0.453891;
720, 0.456331;
721, 0.456893;
722, 0.458238;
723, 0.462218;
724, 0.463026;
725, 0.462983;
726, 0.464698;
727, 0.46768;
728, 0.469161;
729, 0.472459;
730, 0.474512;
731, 0.476327;
732, 0.481159;
733, 0.485344;
734, 0.490537;
735, 0.493577;
736, 0.500385;
737, 0.503069;
738, 0.503726;
739, 0.50381;
740, 0.50943;
741, 0.508824;
742, 0.51068;
743, 0.512308;
744, 0.513855;
745, 0.513297;
746, 0.513984;
747, 0.515311;
748, 0.515762;
749, 0.51619;
750, 0.516462;
751, 0.516044;
752, 0.516053;
753, 0.515655;
754, 0.515008;
755, 0.513582;
756, 0.512632;
757, 0.51173;
758, 0.510468;
759, 0.509134;
760, 0.508542;
761, 0.507439;
762, 0.507203;
763, 0.506572;
764, 0.505838;
765, 0.505141;
766, 0.504478;
767, 0.503173;
768, 0.502339;
769, 0.502222;
770, 0.501706;
771, 0.501485;
772, 0.501276;
773, 0.501212;
774, 0.501151;
775, 0.500418;
776, 0.499316;
777, 0.498404;
778, 0.498214;
779, 0.498438;
780, 0.498246;
781, 0.498604;
782, 0.497863;
783, 0.49797;
784, 0.497666;
785, 0.497918;
786, 0.498292;
787, 0.498783;
788, 0.499384;
789, 0.499821;
790, 0.498613;
791, 0.497872;
792, 0.497438;
793, 0.497025;
794, 0.496634;
795, 0.496532;
796, 0.4963;
797, 0.49662;
798, 0.496789;
799, 0.496003;
800, 0.496068;
801, 0.4964;
802, 0.495904;
803, 0.495974;
804, 0.49604;
805, 0.495292;
806, 0.495257;
807, 0.495629;
808, 0.494767;
809, 0.494083;
810, 0.493838;
811, 0.4932;
812, 0.493;
813, 0.493079;
814, 0.49329;
815, 0.492815;
816, 0.493039;
817, 0.492441;
818, 0.493224;
819, 0.493023;
820, 0.492696;
821, 0.49225;
822, 0.492232;
823, 0.491405;
824, 0.491834;
825, 0.492243;
826, 0.49263;
827, 0.492188;
828, 0.491768;
829, 0.491774;
830, 0.491104;
831, 0.490468;
832, 0.490134;
833, 0.490627;
834, 0.490961;
835, 0.490061;
836, 0.490153;
837, 0.490645;
838, 0.490978;
839, 0.490888;
840, 0.491614;
841, 0.492844;
842, 0.494013;
843, 0.494853;
844, 0.496326;
845, 0.497186;
846, 0.498137;
847, 0.499717;
848, 0.500812;
849, 0.502798;
850, 0.50428;
851, 0.505958;
852, 0.507957;
853, 0.510262;
854, 0.512317;
855, 0.514133;
856, 0.515859;
857, 0.518445;
858, 0.52009;
859, 0.521923;
860, 0.52407;
861, 0.526245;
862, 0.528311;
863, 0.530004;
864, 0.531612;
865, 0.533274;
866, 0.534449;
867, 0.53624;
868, 0.537941;
869, 0.540504;
870, 0.542397;
871, 0.544331;
872, 0.546574;
873, 0.548705;
874, 0.550729;
875, 0.552382;
876, 0.554493;
877, 0.556092;
878, 0.558423;
879, 0.562394;
880, 0.567923;
881, 0.572499;
882, 0.575091;
883, 0.577958;
884, 0.5796;
885, 0.582242;
886, 0.584076;
887, 0.587034;
888, 0.590115;
889, 0.592906;
890, 0.594477;
891, 0.597456;
892, 0.59934;
893, 0.60086;
894, 0.603249;
895, 0.605384;
896, 0.607277;
897, 0.608805;
898, 0.612013;
899, 0.615196;
900, 0.618626;
901, 0.622289;
902, 0.624553;
903, 0.627244;
904, 0.630071;
905, 0.631406;
906, 0.632673;
907, 0.634283;
908, 0.635947;
909, 0.636852;
910, 0.636361;
911, 0.636165;
912, 0.635708;
913, 0.635139;
914, 0.633382;
915, 0.631172;
916, 0.629884;
917, 0.628119;
918, 0.626443;
919, 0.624851;
920, 0.624689;
921, 0.624671;
922, 0.623843;
923, 0.623867;
924, 0.623619;
925, 0.622979;
926, 0.622776;
927, 0.623259;
928, 0.623717;
929, 0.623342;
930, 0.622446;
931, 0.622134;
932, 0.621568;
933, 0.620895;
934, 0.620526;
935, 0.619635;
936, 0.619329;
937, 0.616741;
938, 0.614282;
939, 0.611676;
940, 0.609471;
941, 0.607916;
942, 0.608736;
943, 0.6083;
944, 0.607749;
945, 0.606416;
946, 0.604474;
947, 0.601953;
948, 0.601044;
949, 0.599911;
950, 0.599915;
951, 0.600595;
952, 0.601376;
953, 0.602389;
954, 0.604566;
955, 0.604879;
956, 0.606797;
957, 0.608619;
958, 0.610621;
959, 0.613333;
960, 0.615639;
961, 0.61729;
962, 0.619939;
963, 0.62205;
964, 0.624326;
965, 0.625677;
966, 0.627636;
967, 0.627201;
968, 0.624489;
969, 0.621238;
970, 0.616527;
971, 0.613268;
972, 0.611524;
973, 0.611894;
974, 0.614407;
975, 0.617335;
976, 0.620117;
977, 0.621679;
978, 0.624919;
979, 0.627727;
980, 0.631882;
981, 0.638125;
982, 0.645273;
983, 0.653009;
984, 0.660494;
985, 0.668145;
986, 0.677441;
987, 0.685055;
988, 0.691073;
989, 0.699492;
990, 0.708571;
991, 0.718683;
992, 0.7291;
993, 0.739672;
994, 0.749581;
995, 0.758994;
996, 0.768341;
997, 0.777221;
998, 0.785793;
999, 0.793936;
1000, 0.80086;
1001, 0.807709;
1002, 0.814081;
1003, 0.819863;
1004, 0.825221;
1005, 0.830041;
1006, 0.835026;
1007, 0.839356;
1008, 0.843874;
1009, 0.847897;
1010, 0.852123;
1011, 0.855058;
1012, 0.858521;
1013, 0.862082;
1014, 0.865194;
1015, 0.868556;
1016, 0.871344;
1017, 0.874399;
1018, 0.877571;
1019, 0.880854;
1020, 0.883433;
1021, 0.885883;
1022, 0.888751;
1023, 0.891476;
1024, 0.893794;
1025, 0.896131;
1026, 0.898757;
1027, 0.900576;
1028, 0.902574;
1029, 0.904608;
1030, 0.906675;
1031, 0.909043;
1032, 0.911294;
1033, 0.913837;
1034, 0.916389;
1035, 0.918137;
1036, 0.920338;
1037, 0.92297;
1038, 0.924929;
1039, 0.927197;
1040, 0.929485;
1041, 0.931525;
1042, 0.933056;
1043, 0.935052;
1044, 0.936678;
1045, 0.938628;
1046, 0.941156;
1047, 0.943558;
1048, 0.944893;
1049, 0.946432;
1050, 0.948165;
1051, 0.94954;
1052, 0.950982;
1053, 0.951947;
1054, 0.952863;
1055, 0.954004;
1056, 0.955357;
1057, 0.955968;
1058, 0.956683;
1059, 0.958038;
1060, 0.958785;
1061, 0.959224;
1062, 0.959506;
1063, 0.959909;
1064, 0.960292;
1065, 0.95998;
1066, 0.960089;
1067, 0.960328;
1068, 0.960825;
1069, 0.961027;
1070, 0.961624;
1071, 0.961922;
1072, 0.961798;
1073, 0.961952;
1074, 0.962368;
1075, 0.962493;
1076, 0.963017;
1077, 0.96392;
1078, 0.964643;
1079, 0.965059;
1080, 0.96586;
1081, 0.966216;
1082, 0.966419;
1083, 0.967422;
1084, 0.968105;
1085, 0.968754;
1086, 0.96937;
1087, 0.969956;
1088, 0.971053;
1089, 0.971824;
1090, 0.972422;
1091, 0.973261;
1092, 0.973652;
1093, 0.974023;
1094, 0.974917;
1095, 0.975765;
1096, 0.976166;
1097, 0.976682;
1098, 0.977578;
1099, 0.977888;
1100, 0.978453;
1101, 0.978585;
1102, 0.979385;
1103, 0.980416;
1104, 0.980584;
1105, 0.980879;
1106, 0.981565;
1107, 0.982217;
