1, 0.;
2, 0.937868;
3, 0.895736;
4, 0.85333;
5, 0.815426;
6, 0.774654;
7, 0.735922;
8, 0.701507;
9, 0.666431;
10, 0.63311;
11, 0.601454;
12, 0.571382;
13, 0.545193;
14, 0.517934;
15, 0.492037;
16, 0.467435;
17, 0.444063;
18, 0.424241;
19, 0.403029;
20, 0.382878;
21, 0.363734;
22, 0.345547;
23, 0.32827;
24, 0.311856;
25, 0.296263;
26, 0.28145;
27, 0.267378;
28, 0.254009;
29, 0.241308;
30, 0.229243;
31, 0.217781;
32, 0.206892;
33, 0.196547;
34, 0.18672;
35, 0.177384;
36, 0.170896;
37, 0.162351;
38, 0.156614;
39, 0.148784;
40, 0.141344;
41, 0.134277;
42, 0.127563;
43, 0.121185;
44, 0.115126;
45, 0.10937;
46, 0.103901;
47, 0.098706;
48, 0.093771;
49, 0.089082;
50, 0.084628;
51, 0.080397;
52, 0.076377;
53, 0.072558;
54, 0.06893;
55, 0.065484;
56, 0.062209;
57, 0.059099;
58, 0.058525;
59, 0.05798;
60, 0.057462;
61, 0.05697;
62, 0.054121;
63, 0.053796;
64, 0.053487;
65, 0.053194;
66, 0.052915;
67, 0.055031;
68, 0.054661;
69, 0.056689;
70, 0.058617;
71, 0.058067;
72, 0.059925;
73, 0.061691;
74, 0.060988;
75, 0.0627;
76, 0.064327;
77, 0.065873;
78, 0.067341;
79, 0.068736;
80, 0.06768;
81, 0.069058;
82, 0.070367;
83, 0.07161;
84, 0.072792;
85, 0.073914;
86, 0.07498;
87, 0.075993;
88, 0.076955;
89, 0.07787;
90, 0.078738;
91, 0.079563;
92, 0.080347;
93, 0.081091;
94, 0.081799;
95, 0.082471;
96, 0.083109;
97, 0.083715;
98, 0.084292;
99, 0.084839;
100, 0.085359;
101, 0.085853;
102, 0.086322;
103, 0.089149;
104, 0.091834;
105, 0.092004;
106, 0.094547;
107, 0.094582;
108, 0.096995;
109, 0.099288;
110, 0.101467;
111, 0.103536;
112, 0.105502;
113, 0.10737;
114, 0.106764;
115, 0.108568;
116, 0.107902;
117, 0.10965;
118, 0.11131;
119, 0.112887;
120, 0.114386;
121, 0.115809;
122, 0.117162;
123, 0.118446;
124, 0.119667;
125, 0.120827;
126, 0.12669;
127, 0.127498;
128, 0.128266;
129, 0.128996;
130, 0.134451;
131, 0.134871;
132, 0.13527;
133, 0.13565;
134, 0.140772;
135, 0.140876;
136, 0.145737;
137, 0.145593;
138, 0.145456;
139, 0.145326;
140, 0.149965;
141, 0.14961;
142, 0.154034;
143, 0.153475;
144, 0.152944;
145, 0.15244;
146, 0.156723;
147, 0.160791;
148, 0.164656;
149, 0.163566;
150, 0.167293;
151, 0.170833;
152, 0.169434;
153, 0.172867;
154, 0.176129;
155, 0.174465;
156, 0.177647;
157, 0.180669;
158, 0.18354;
159, 0.186268;
160, 0.188859;
161, 0.191321;
162, 0.19366;
163, 0.195882;
164, 0.197992;
165, 0.197617;
166, 0.19964;
167, 0.201563;
168, 0.20339;
169, 0.205125;
170, 0.206774;
171, 0.20834;
172, 0.209827;
173, 0.211241;
174, 0.212584;
175, 0.213859;
176, 0.215071;
177, 0.213841;
178, 0.215054;
179, 0.216206;
180, 0.2173;
181, 0.21834;
182, 0.219328;
183, 0.220266;
184, 0.221158;
185, 0.222005;
186, 0.222809;
187, 0.223573;
188, 0.2243;
189, 0.224989;
190, 0.225645;
191, 0.226267;
192, 0.226859;
193, 0.229801;
194, 0.230216;
195, 0.23061;
196, 0.230984;
197, 0.23134;
198, 0.231678;
199, 0.231998;
200, 0.234684;
201, 0.234855;
202, 0.235017;
203, 0.235171;
204, 0.235317;
205, 0.235456;
206, 0.235588;
207, 0.235713;
208, 0.235832;
209, 0.235945;
210, 0.236053;
211, 0.236155;
212, 0.236252;
213, 0.236344;
214, 0.236432;
215, 0.238896;
216, 0.241237;
217, 0.24108;
218, 0.240931;
219, 0.240789;
220, 0.243035;
221, 0.242788;
222, 0.244934;
223, 0.246973;
224, 0.24891;
225, 0.250751;
226, 0.252499;
227, 0.25416;
228, 0.255737;
229, 0.254855;
230, 0.254017;
231, 0.255602;
232, 0.257108;
233, 0.258538;
234, 0.259897;
235, 0.261188;
236, 0.262414;
237, 0.263579;
238, 0.264686;
239, 0.265737;
240, 0.266736;
241, 0.267685;
242, 0.268586;
243, 0.271824;
244, 0.272518;
245, 0.273178;
246, 0.273805;
247, 0.2744;
248, 0.274966;
249, 0.275503;
250, 0.276014;
251, 0.27888;
252, 0.281603;
253, 0.281808;
254, 0.284384;
255, 0.286832;
256, 0.286776;
257, 0.289104;
258, 0.291315;
259, 0.293416;
260, 0.293031;
261, 0.295046;
262, 0.296961;
263, 0.298779;
264, 0.300507;
265, 0.299767;
266, 0.301446;
267, 0.300659;
268, 0.299912;
269, 0.301583;
270, 0.300789;
271, 0.302417;
272, 0.301582;
273, 0.303169;
274, 0.304677;
275, 0.30611;
276, 0.30509;
277, 0.306503;
278, 0.305463;
279, 0.311619;
280, 0.310323;
281, 0.309093;
282, 0.307924;
283, 0.309194;
284, 0.315163;
285, 0.313691;
286, 0.314673;
287, 0.320368;
288, 0.321016;
289, 0.321632;
290, 0.326979;
291, 0.327297;
292, 0.327599;
293, 0.327885;
294, 0.325777;
295, 0.323774;
296, 0.324252;
297, 0.324706;
298, 0.322756;
299, 0.318523;
300, 0.316883;
301, 0.315324;
302, 0.313844;
303, 0.314818;
304, 0.313363;
305, 0.311981;
306, 0.310667;
307, 0.30942;
308, 0.308234;
309, 0.309489;
310, 0.308301;
311, 0.307171;
312, 0.308479;
313, 0.307341;
314, 0.30626;
315, 0.305232;
316, 0.306637;
317, 0.305591;
318, 0.302217;
319, 0.303772;
320, 0.302869;
321, 0.309155;
322, 0.310364;
323, 0.311512;
324, 0.310222;
325, 0.308997;
326, 0.307833;
327, 0.306727;
328, 0.305676;
329, 0.304678;
330, 0.30373;
331, 0.30521;
332, 0.306616;
333, 0.305571;
334, 0.304578;
335, 0.303635;
336, 0.30512;
337, 0.306531;
338, 0.30549;
339, 0.304501;
340, 0.303562;
341, 0.30505;
342, 0.306464;
343, 0.307808;
344, 0.309084;
345, 0.307916;
346, 0.309187;
347, 0.310394;
348, 0.30916;
349, 0.31513;
350, 0.31366;
351, 0.314643;
352, 0.313197;
353, 0.311823;
354, 0.31766;
355, 0.323206;
356, 0.323712;
357, 0.324193;
358, 0.329412;
359, 0.329608;
360, 0.329794;
361, 0.329971;
362, 0.334901;
363, 0.339585;
364, 0.339272;
365, 0.338975;
366, 0.343455;
367, 0.340568;
368, 0.340206;
369, 0.344625;
370, 0.348822;
371, 0.345667;
372, 0.349812;
373, 0.35375;
374, 0.352729;
375, 0.356521;
376, 0.360124;
377, 0.365927;
378, 0.364297;
379, 0.369892;
380, 0.368064;
381, 0.371089;
382, 0.373963;
383, 0.376694;
384, 0.379288;
385, 0.37699;
386, 0.379569;
387, 0.377257;
388, 0.379823;
389, 0.377499;
390, 0.382433;
391, 0.38474;
392, 0.386932;
393, 0.391395;
394, 0.388492;
395, 0.385734;
396, 0.390256;
397, 0.392172;
398, 0.393992;
399, 0.395721;
400, 0.397364;
401, 0.401305;
402, 0.402668;
403, 0.406344;
404, 0.407456;
405, 0.410892;
406, 0.411776;
407, 0.412616;
408, 0.418176;
409, 0.421077;
410, 0.423832;
411, 0.42645;
412, 0.428937;
413, 0.4313;
414, 0.431163;
415, 0.435796;
416, 0.437815;
417, 0.442115;
418, 0.441438;
419, 0.436033;
420, 0.438041;
421, 0.439948;
422, 0.444141;
423, 0.445744;
424, 0.440123;
425, 0.439546;
426, 0.443759;
427, 0.438237;
428, 0.430611;
429, 0.43289;
430, 0.427912;
431, 0.430326;
432, 0.43262;
433, 0.434798;
434, 0.434487;
435, 0.429429;
436, 0.431767;
437, 0.431607;
438, 0.433837;
439, 0.433573;
440, 0.433323;
441, 0.433086;
442, 0.425717;
443, 0.421098;
444, 0.414329;
445, 0.415041;
446, 0.418098;
447, 0.41386;
448, 0.414596;
449, 0.408152;
450, 0.409173;
451, 0.405381;
452, 0.40654;
453, 0.400499;
454, 0.39476;
455, 0.398831;
456, 0.395556;
457, 0.390064;
458, 0.387228;
459, 0.384533;
460, 0.389116;
461, 0.391089;
462, 0.392963;
463, 0.394743;
464, 0.396435;
465, 0.398041;
466, 0.394806;
467, 0.389351;
468, 0.391312;
469, 0.388413;
470, 0.390421;
471, 0.385186;
472, 0.389736;
473, 0.391678;
474, 0.38638;
475, 0.388489;
476, 0.385732;
477, 0.387874;
478, 0.389908;
479, 0.38708;
480, 0.389154;
481, 0.391125;
482, 0.392997;
483, 0.397157;
484, 0.393966;
485, 0.390934;
486, 0.392816;
487, 0.389842;
488, 0.391778;
489, 0.393618;
490, 0.388223;
491, 0.39024;
492, 0.387395;
493, 0.389454;
494, 0.39141;
495, 0.388506;
496, 0.390509;
497, 0.390031;
498, 0.391958;
499, 0.391408;
500, 0.395647;
501, 0.392531;
502, 0.387191;
503, 0.38926;
504, 0.393606;
505, 0.395354;
506, 0.392253;
507, 0.389307;
508, 0.386509;
509, 0.38385;
510, 0.381324;
511, 0.378925;
512, 0.374264;
513, 0.369837;
514, 0.372773;
515, 0.370801;
516, 0.37369;
517, 0.376434;
518, 0.379041;
519, 0.376755;
520, 0.379346;
521, 0.374665;
522, 0.37736;
523, 0.375159;
524, 0.370686;
525, 0.366438;
526, 0.362402;
527, 0.36571;
528, 0.368853;
529, 0.367077;
530, 0.370152;
531, 0.36593;
532, 0.3643;
533, 0.372276;
534, 0.37509;
535, 0.377764;
536, 0.375543;
537, 0.378194;
538, 0.37357;
539, 0.37632;
540, 0.378933;
541, 0.376653;
542, 0.379249;
543, 0.381715;
544, 0.386439;
545, 0.383784;
546, 0.381261;
547, 0.381246;
548, 0.383612;
549, 0.378717;
550, 0.38121;
551, 0.376435;
552, 0.379042;
553, 0.376756;
554, 0.374585;
555, 0.372523;
556, 0.375325;
557, 0.370845;
558, 0.373731;
559, 0.36933;
560, 0.36753;
561, 0.370582;
562, 0.373482;
563, 0.371474;
564, 0.369567;
565, 0.372517;
566, 0.377701;
567, 0.382626;
568, 0.380161;
569, 0.382581;
570, 0.384881;
571, 0.382304;
572, 0.379855;
573, 0.377529;
574, 0.375319;
575, 0.377982;
576, 0.380511;
577, 0.382914;
578, 0.385197;
579, 0.387366;
580, 0.384664;
581, 0.38686;
582, 0.388945;
583, 0.390927;
584, 0.388047;
585, 0.390073;
586, 0.391998;
587, 0.393827;
588, 0.390802;
589, 0.39269;
590, 0.389723;
591, 0.391665;
592, 0.395891;
593, 0.397525;
594, 0.399078;
595, 0.402933;
596, 0.401834;
597, 0.40079;
598, 0.402179;
599, 0.403499;
600, 0.404752;
601, 0.405943;
602, 0.404694;
603, 0.405888;
604, 0.399879;
605, 0.396552;
606, 0.398153;
607, 0.399674;
608, 0.393976;
609, 0.390944;
610, 0.392825;
611, 0.394612;
612, 0.398691;
613, 0.400185;
614, 0.396843;
615, 0.391286;
616, 0.388389;
617, 0.390398;
618, 0.397068;
619, 0.391501;
620, 0.393354;
621, 0.390353;
622, 0.389883;
623, 0.387056;
624, 0.384369;
625, 0.381818;
626, 0.384155;
627, 0.383995;
628, 0.379081;
629, 0.381556;
630, 0.383906;
631, 0.383759;
632, 0.385999;
633, 0.388128;
634, 0.383007;
635, 0.385285;
636, 0.382688;
637, 0.384982;
638, 0.3824;
639, 0.379946;
640, 0.377616;
641, 0.377783;
642, 0.380322;
643, 0.377973;
644, 0.375741;
645, 0.378382;
646, 0.37613;
647, 0.378752;
648, 0.381243;
649, 0.383609;
650, 0.383476;
651, 0.385731;
652, 0.387873;
653, 0.389908;
654, 0.396603;
655, 0.402963;
656, 0.404244;
657, 0.40546;
658, 0.406616;
659, 0.412475;
660, 0.41328;
661, 0.414045;
662, 0.410009;
663, 0.415699;
664, 0.416343;
665, 0.416954;
666, 0.417535;
667, 0.418087;
668, 0.418611;
669, 0.419109;
670, 0.421963;
671, 0.422294;
672, 0.422608;
673, 0.422906;
674, 0.418427;
675, 0.426077;
676, 0.428583;
677, 0.42382;
678, 0.424058;
679, 0.424284;
680, 0.424498;
681, 0.427083;
682, 0.424776;
683, 0.427347;
684, 0.429789;
685, 0.429728;
686, 0.42967;
687, 0.434377;
688, 0.436468;
689, 0.440835;
690, 0.440222;
691, 0.44202;
692, 0.450872;
693, 0.45928;
694, 0.457745;
695, 0.456286;
696, 0.45252;
697, 0.451322;
698, 0.454947;
699, 0.453628;
700, 0.449994;
701, 0.448923;
702, 0.447905;
703, 0.44932;
704, 0.448282;
705, 0.449678;
706, 0.446241;
707, 0.447739;
708, 0.44678;
709, 0.44587;
710, 0.452148;
711, 0.455731;
712, 0.451992;
713, 0.453202;
714, 0.45197;
715, 0.453181;
716, 0.454332;
717, 0.453044;
718, 0.456582;
719, 0.45042;
720, 0.446946;
721, 0.448409;
722, 0.45456;
723, 0.450879;
724, 0.449764;
725, 0.448704;
726, 0.450079;
727, 0.449003;
728, 0.450363;
729, 0.449273;
730, 0.450619;
731, 0.454278;
732, 0.452993;
733, 0.456534;
734, 0.457517;
735, 0.460831;
736, 0.461599;
737, 0.46471;
738, 0.467665;
739, 0.468091;
740, 0.463734;
741, 0.4715;
742, 0.478877;
743, 0.476362;
744, 0.476353;
745, 0.476345;
746, 0.48348;
747, 0.483116;
748, 0.492293;
749, 0.489107;
750, 0.48608;
751, 0.497491;
752, 0.498807;
753, 0.497676;
754, 0.498983;
755, 0.504986;
756, 0.503546;
757, 0.502178;
758, 0.508022;
759, 0.508811;
760, 0.504799;
761, 0.50575;
762, 0.516176;
763, 0.514177;
764, 0.514659;
765, 0.512735;
766, 0.508527;
767, 0.504529;
768, 0.512636;
769, 0.506052;
770, 0.502178;
771, 0.500879;
772, 0.497263;
773, 0.493829;
774, 0.492947;
775, 0.492109;
776, 0.493694;
777, 0.499962;
778, 0.498773;
779, 0.492882;
780, 0.494428;
781, 0.491136;
782, 0.488007;
783, 0.489798;
784, 0.49626;
785, 0.497637;
786, 0.503708;
787, 0.502332;
788, 0.503406;
789, 0.502045;
790, 0.500752;
791, 0.506667;
792, 0.500381;
793, 0.499172;
794, 0.498023;
795, 0.496931;
796, 0.498275;
797, 0.49479;
798, 0.496241;
799, 0.504762;
800, 0.505715;
801, 0.506619;
802, 0.514622;
803, 0.5127;
804, 0.518018;
805, 0.518307;
806, 0.516201;
807, 0.514201;
808, 0.514681;
809, 0.52228;
810, 0.527119;
811, 0.524572;
812, 0.529296;
813, 0.538546;
814, 0.537809;
815, 0.546633;
816, 0.545492;
817, 0.549169;
818, 0.54552;
819, 0.539673;
820, 0.550785;
821, 0.549436;
822, 0.557678;
823, 0.565509;
824, 0.570567;
825, 0.568229;
826, 0.563627;
827, 0.561636;
828, 0.552602;
829, 0.560686;
830, 0.570747;
831, 0.587448;
832, 0.584266;
833, 0.578862;
834, 0.576109;
835, 0.573494;
836, 0.575772;
837, 0.585079;
838, 0.591539;
839, 0.600057;
840, 0.60815;
841, 0.603933;
842, 0.599927;
843, 0.605644;
844, 0.613458;
845, 0.623261;
846, 0.630193;
847, 0.632017;
848, 0.63613;
849, 0.647181;
850, 0.652917;
851, 0.655985;
852, 0.646996;
853, 0.652741;
854, 0.665342;
855, 0.667789;
856, 0.670114;
857, 0.681847;
858, 0.690611;
859, 0.694176;
860, 0.704705;
861, 0.705184;
862, 0.715163;
863, 0.724643;
864, 0.733649;
865, 0.744586;
866, 0.743071;
867, 0.753536;
868, 0.761097;
869, 0.7659;
870, 0.775224;
871, 0.786463;
872, 0.792378;
873, 0.786092;
