1, 0.;
2, 0.000786;
3, 0.025746;
4, 0.049459;
5, 0.071986;
6, 0.093387;
7, 0.113718;
8, 0.133032;
9, 0.15138;
10, 0.168811;
11, 0.185371;
12, 0.213602;
13, 0.227922;
14, 0.241526;
15, 0.26695;
16, 0.291102;
17, 0.301547;
18, 0.32397;
19, 0.345271;
20, 0.353008;
21, 0.360357;
22, 0.379839;
23, 0.398347;
24, 0.40343;
25, 0.420758;
26, 0.437221;
27, 0.45286;
28, 0.467717;
29, 0.469331;
30, 0.483364;
31, 0.496696;
32, 0.509361;
33, 0.521393;
34, 0.532823;
35, 0.543682;
36, 0.553998;
37, 0.551298;
38, 0.548733;
39, 0.558797;
40, 0.568357;
41, 0.577439;
42, 0.586067;
43, 0.594264;
44, 0.602051;
45, 0.609448;
46, 0.616476;
47, 0.623152;
48, 0.629494;
49, 0.63552;
50, 0.641244;
51, 0.646681;
52, 0.651847;
53, 0.656755;
54, 0.661417;
55, 0.665846;
56, 0.670054;
57, 0.674051;
58, 0.677849;
59, 0.681456;
60, 0.684883;
61, 0.688139;
62, 0.691232;
63, 0.694171;
64, 0.696962;
65, 0.699614;
66, 0.702133;
67, 0.704527;
68, 0.7068;
69, 0.70896;
70, 0.711012;
71, 0.712962;
72, 0.727314;
73, 0.728448;
74, 0.742026;
75, 0.754924;
76, 0.767178;
77, 0.778819;
78, 0.777378;
79, 0.776009;
80, 0.774709;
81, 0.773473;
82, 0.7848;
83, 0.78306;
84, 0.793907;
85, 0.791711;
86, 0.802126;
87, 0.79952;
88, 0.809544;
89, 0.819066;
90, 0.815613;
91, 0.812332;
92, 0.809216;
93, 0.818755;
94, 0.827817;
95, 0.836426;
96, 0.832105;
97, 0.828;
98, 0.8366;
99, 0.84477;
100, 0.852531;
101, 0.847405;
102, 0.842535;
103, 0.850408;
104, 0.845387;
105, 0.840618;
106, 0.836087;
107, 0.844283;
108, 0.839569;
109, 0.83509;
110, 0.830836;
111, 0.839294;
112, 0.847329;
113, 0.842463;
114, 0.85034;
115, 0.857823;
116, 0.864932;
117, 0.871685;
118, 0.878101;
119, 0.884196;
120, 0.889986;
121, 0.895487;
122, 0.900712;
123, 0.905677;
124, 0.910393;
125, 0.914873;
126, 0.919129;
127, 0.923173;
128, 0.927014;
129, 0.930664;
130, 0.93413;
131, 0.937424;
132, 0.940553;
133, 0.943525;
134, 0.946349;
135, 0.949031;
136, 0.95158;
137, 0.954001;
138, 0.956301;
139, 0.958486;
140, 0.960562;
141, 0.962533;
142, 0.964407;
143, 0.966186;
144, 0.967877;
145, 0.969483;
146, 0.971009;
147, 0.972459;
148, 0.973836;
149, 0.975144;
150, 0.976387;
151, 0.977567;
152, 0.978689;
153, 0.979755;
154, 0.980767;
155, 0.981728;
156, 0.982642;
157, 0.98351;
158, 0.984334;
159, 0.985118;
160, 0.985862;
161, 0.986569;
162, 0.98724;
163, 0.987878;
164, 0.988484;
165, 0.98906;
166, 0.989607;
167, 0.990127;
168, 0.99062;
169, 0.991089;
170, 0.991535;
171, 0.991958;
172, 0.99236;
173, 0.992742;
174, 0.993105;
175, 0.99345;
176, 0.993777;
177, 0.994089;
178, 0.994384;
179, 0.994665;
180, 0.994932;
181, 0.995185;
182, 0.995426;
183, 0.995655;
184, 0.995872;
185, 0.996078;
186, 0.996274;
187, 0.996461;
188, 0.996638;
189, 0.996806;
190, 0.996965;
191, 0.997117;
192, 0.997261;
193, 0.997398;
194, 0.997528;
195, 0.997652;
196, 0.997769;
197, 0.997881;
198, 0.997987;
199, 0.998087;
200, 0.998183;
201, 0.998274;
202, 0.99836;
203, 0.998442;
204, 0.99852;
205, 0.998594;
206, 0.998664;
207, 0.998731;
208, 0.998795;
209, 0.998855;
210, 0.998912;
211, 0.998967;
212, 0.999018;
213, 0.999067;
214, 0.999114;
215, 0.999158;
216, 0.9992;
217, 0.99924;
218, 0.999278;
219, 0.999314;
220, 0.999349;
221, 0.999381;
222, 0.999412;
223, 0.999442;
224, 0.999469;
225, 0.999496;
226, 0.999521;
227, 0.999545;
228, 0.999568;
229, 0.99959;
230, 0.99961;
231, 0.999629;
232, 0.999648;
233, 0.999666;
234, 0.999682;
235, 0.999698;
236, 0.999713;
237, 0.999728;
238, 0.999741;
239, 0.999754;
240, 0.999767;
241, 0.999778;
242, 0.999789;
243, 0.9998;
244, 0.99981;
245, 0.999819;
246, 0.999828;
247, 0.999837;
248, 0.999845;
249, 0.999853;
250, 0.99986;
251, 0.999867;
252, 0.999874;
253, 0.99988;
254, 0.999886;
255, 0.999892;
256, 0.999897;
257, 0.999902;
258, 0.999907;
259, 0.999912;
260, 0.999916;
261, 0.99992;
262, 0.999924;
263, 0.999928;
264, 0.999932;
265, 0.999935;
266, 0.999938;
267, 0.999942;
268, 0.999944;
269, 0.999947;
270, 0.99995;
271, 0.999952;
272, 0.999955;
273, 0.999957;
274, 0.999959;
275, 0.999961;
276, 0.999963;
277, 0.999965;
278, 0.999967;
279, 0.999968;
280, 0.99997;
281, 0.999972;
282, 0.999973;
283, 0.999974;
284, 0.999976;
285, 0.999977;
286, 0.999978;
287, 0.999979;
288, 0.99998;
289, 0.999981;
290, 0.999982;
291, 0.999983;
292, 0.999984;
293, 0.999985;
294, 0.999985;
295, 0.999986;
296, 0.999987;
297, 0.999987;
298, 0.999988;
299, 0.999989;
300, 0.999989;
301, 0.99999;
302, 0.99999;
303, 0.999991;
304, 0.999991;
305, 0.999992;
306, 0.999992;
307, 0.999992;
308, 0.999993;
309, 0.999993;
310, 0.999994;
311, 0.999994;
312, 0.999994;
313, 0.999994;
314, 0.999995;
315, 0.999995;
316, 0.999995;
317, 0.999996;
318, 0.999996;
319, 0.999996;
320, 0.999996;
321, 0.999996;
322, 0.999997;
323, 0.999997;
324, 0.999997;
325, 0.999997;
326, 0.999997;
327, 0.999997;
328, 0.999997;
329, 0.999998;
330, 0.999998;
331, 0.999998;
332, 0.999998;
333, 0.999998;
334, 0.999998;
335, 0.999998;
336, 0.999998;
337, 0.999998;
338, 0.999998;
339, 0.999999;
340, 0.999999;
341, 0.999999;
342, 0.999999;
343, 0.999999;
344, 0.999999;
345, 0.999999;
346, 0.999999;
347, 0.999999;
348, 0.999999;
349, 0.999999;
350, 0.999999;
351, 0.999999;
352, 0.999999;
353, 0.999999;
354, 0.999999;
355, 0.999999;
356, 0.999999;
357, 0.999999;
358, 0.999999;
359, 0.999999;
360, 1.;
361, 1.;
362, 1.;
363, 1.;
364, 1.;
365, 1.;
366, 1.;
367, 1.;
368, 1.;
369, 1.;
370, 1.;
371, 1.;
372, 1.;
373, 1.;
374, 1.;
375, 1.;
376, 1.;
377, 1.;
378, 1.;
379, 1.;
380, 1.;
381, 1.;
382, 1.;
383, 1.;
384, 1.;
385, 1.;
386, 1.;
387, 1.;
388, 1.;
389, 1.;
390, 1.;
391, 1.;
392, 1.;
393, 1.;
394, 1.;
395, 1.;
396, 1.;
397, 1.;
398, 1.;
399, 1.;
400, 1.;
401, 0.9875;
402, 0.975625;
403, 0.964344;
404, 0.953627;
405, 0.943445;
406, 0.946273;
407, 0.948959;
408, 0.951511;
409, 0.953936;
410, 0.956239;
411, 0.945927;
412, 0.948631;
413, 0.938699;
414, 0.941764;
415, 0.944676;
416, 0.947442;
417, 0.95007;
418, 0.952567;
419, 0.954938;
420, 0.957191;
421, 0.959332;
422, 0.961365;
423, 0.963297;
424, 0.952632;
425, 0.955;
426, 0.95725;
427, 0.946888;
428, 0.949544;
429, 0.952066;
430, 0.954463;
431, 0.95674;
432, 0.958903;
433, 0.960958;
434, 0.96291;
435, 0.964764;
436, 0.966526;
437, 0.9682;
438, 0.96979;
439, 0.9713;
440, 0.972735;
441, 0.974099;
442, 0.975394;
443, 0.976624;
444, 0.977793;
445, 0.978903;
446, 0.979958;
447, 0.98096;
448, 0.981912;
449, 0.982816;
450, 0.983676;
451, 0.984492;
452, 0.985267;
453, 0.986004;
454, 0.986704;
455, 0.987369;
456, 0.988;
457, 0.9886;
458, 0.98917;
459, 0.989712;
460, 0.990226;
461, 0.990715;
462, 0.991179;
463, 0.99162;
464, 0.992039;
465, 0.992437;
466, 0.992815;
467, 0.980674;
468, 0.981641;
469, 0.982559;
470, 0.983431;
471, 0.984259;
472, 0.985046;
473, 0.985794;
474, 0.986504;
475, 0.987179;
476, 0.97532;
477, 0.976554;
478, 0.977726;
479, 0.97884;
480, 0.979898;
481, 0.980903;
482, 0.981858;
483, 0.982765;
484, 0.983627;
485, 0.984446;
486, 0.985223;
487, 0.985962;
488, 0.986664;
489, 0.987331;
490, 0.975464;
491, 0.976691;
492, 0.977856;
493, 0.966464;
494, 0.96814;
495, 0.969733;
496, 0.971247;
497, 0.972684;
498, 0.97405;
499, 0.975348;
500, 0.97658;
501, 0.977751;
502, 0.966364;
503, 0.955546;
504, 0.945268;
505, 0.935505;
506, 0.92623;
507, 0.917418;
508, 0.909047;
509, 0.901095;
510, 0.89354;
511, 0.873863;
512, 0.86767;
513, 0.861786;
514, 0.856197;
515, 0.850887;
516, 0.845843;
517, 0.841051;
518, 0.836498;
519, 0.832173;
520, 0.828065;
521, 0.836661;
522, 0.832328;
523, 0.828212;
524, 0.836801;
525, 0.832461;
526, 0.828338;
527, 0.824421;
528, 0.8332;
529, 0.82904;
530, 0.837588;
531, 0.845709;
532, 0.840923;
533, 0.836377;
534, 0.844558;
535, 0.85233;
536, 0.847214;
537, 0.854853;
538, 0.862111;
539, 0.869005;
540, 0.875555;
541, 0.881777;
542, 0.887688;
543, 0.893304;
544, 0.898639;
545, 0.903707;
546, 0.908521;
547, 0.913095;
548, 0.90494;
549, 0.909693;
550, 0.914209;
551, 0.918498;
552, 0.910073;
553, 0.90207;
554, 0.894466;
555, 0.899743;
556, 0.892256;
557, 0.885143;
558, 0.878386;
559, 0.884467;
560, 0.890243;
561, 0.895731;
562, 0.888445;
563, 0.881522;
564, 0.874946;
565, 0.868699;
566, 0.875264;
567, 0.869001;
568, 0.875551;
569, 0.881773;
570, 0.887685;
571, 0.8933;
572, 0.898635;
573, 0.903704;
574, 0.908518;
575, 0.900592;
576, 0.905563;
577, 0.910285;
578, 0.91477;
579, 0.919032;
580, 0.92308;
581, 0.914426;
582, 0.918705;
583, 0.91027;
584, 0.914756;
585, 0.919018;
586, 0.910568;
587, 0.902539;
588, 0.894912;
589, 0.887667;
590, 0.893283;
591, 0.886119;
592, 0.891813;
593, 0.884722;
594, 0.877986;
595, 0.884087;
596, 0.877383;
597, 0.883514;
598, 0.876838;
599, 0.882996;
600, 0.888846;
601, 0.894404;
602, 0.887184;
603, 0.880324;
604, 0.861308;
605, 0.855743;
606, 0.850456;
607, 0.845433;
608, 0.853161;
609, 0.860503;
610, 0.854978;
611, 0.862229;
612, 0.869118;
613, 0.863162;
614, 0.870004;
615, 0.876504;
616, 0.882678;
617, 0.863544;
618, 0.857867;
619, 0.852474;
620, 0.83485;
621, 0.830608;
622, 0.826577;
623, 0.822748;
624, 0.819111;
625, 0.815655;
626, 0.812373;
627, 0.809254;
628, 0.806291;
629, 0.803477;
630, 0.800803;
631, 0.798263;
632, 0.79585;
633, 0.793557;
634, 0.791379;
635, 0.78931;
636, 0.787345;
637, 0.772978;
638, 0.771829;
639, 0.770737;
640, 0.7572;
641, 0.75684;
642, 0.743998;
643, 0.744298;
644, 0.744584;
645, 0.744854;
646, 0.757612;
647, 0.757231;
648, 0.756869;
649, 0.756526;
650, 0.7562;
651, 0.74339;
652, 0.74372;
653, 0.744034;
654, 0.744332;
655, 0.744616;
656, 0.757385;
657, 0.757016;
658, 0.756665;
659, 0.756332;
660, 0.756015;
661, 0.755714;
662, 0.755429;
663, 0.755157;
664, 0.742399;
665, 0.730279;
666, 0.731265;
667, 0.732202;
668, 0.733092;
669, 0.721438;
670, 0.710366;
671, 0.712347;
672, 0.71423;
673, 0.703518;
674, 0.693343;
675, 0.696175;
676, 0.698867;
677, 0.688923;
678, 0.691977;
679, 0.694878;
680, 0.697634;
681, 0.700253;
682, 0.70274;
683, 0.705103;
684, 0.707348;
685, 0.70948;
686, 0.711506;
687, 0.713431;
688, 0.71526;
689, 0.716997;
690, 0.718647;
691, 0.720214;
692, 0.709204;
693, 0.711244;
694, 0.713181;
695, 0.715022;
696, 0.716771;
697, 0.718433;
698, 0.720011;
699, 0.72151;
700, 0.722935;
701, 0.724288;
702, 0.725574;
703, 0.726795;
704, 0.727955;
705, 0.729058;
706, 0.730105;
707, 0.731099;
708, 0.744544;
709, 0.744817;
710, 0.757576;
711, 0.769698;
712, 0.781213;
713, 0.779652;
714, 0.790669;
715, 0.788636;
716, 0.799204;
717, 0.809244;
718, 0.818782;
719, 0.827843;
720, 0.836451;
721, 0.844628;
722, 0.852397;
723, 0.859777;
724, 0.866788;
725, 0.873449;
726, 0.879776;
727, 0.885787;
728, 0.891498;
729, 0.896923;
730, 0.902077;
731, 0.906973;
732, 0.911624;
733, 0.916043;
734, 0.920241;
735, 0.924229;
736, 0.928017;
737, 0.931617;
738, 0.935036;
739, 0.938284;
740, 0.94137;
741, 0.944301;
742, 0.947086;
743, 0.949732;
744, 0.952245;
745, 0.954633;
746, 0.956901;
747, 0.959056;
748, 0.961104;
749, 0.963048;
750, 0.964896;
751, 0.966651;
752, 0.968319;
753, 0.969903;
754, 0.971408;
755, 0.972837;
756, 0.974195;
757, 0.975486;
758, 0.976711;
759, 0.977876;
760, 0.978982;
761, 0.980033;
762, 0.981031;
763, 0.98198;
764, 0.982881;
765, 0.983737;
766, 0.98455;
767, 0.985322;
768, 0.986056;
769, 0.986753;
770, 0.987416;
771, 0.988045;
772, 0.988643;
773, 0.989211;
774, 0.98975;
775, 0.990263;
776, 0.990749;
777, 0.991212;
778, 0.991651;
779, 0.992069;
780, 0.992465;
781, 0.992842;
782, 0.9932;
783, 0.99354;
784, 0.993863;
785, 0.99417;
786, 0.994461;
787, 0.994738;
788, 0.995001;
789, 0.995251;
790, 0.995489;
791, 0.995714;
792, 0.995929;
793, 0.996132;
794, 0.996325;
795, 0.996509;
796, 0.996684;
797, 0.99685;
798, 0.997007;
799, 0.997157;
800, 0.997299;
801, 0.997434;
802, 0.997562;
803, 0.997684;
804, 0.9978;
805, 0.99791;
806, 0.998014;
807, 0.998114;
808, 0.998208;
809, 0.998298;
810, 0.998383;
811, 0.998464;
812, 0.99854;
813, 0.998613;
814, 0.998683;
815, 0.998749;
816, 0.998811;
817, 0.998871;
818, 0.998927;
819, 0.998981;
820, 0.999032;
821, 0.99908;
822, 0.999126;
823, 0.99917;
824, 0.999211;
825, 0.999251;
826, 0.999288;
827, 0.999324;
828, 0.999358;
829, 0.99939;
830, 0.99942;
831, 0.999449;
832, 0.999477;
833, 0.999503;
834, 0.999528;
835, 0.999551;
836, 0.999574;
837, 0.999595;
838, 0.999615;
839, 0.999635;
840, 0.999653;
841, 0.99967;
842, 0.999687;
843, 0.999702;
844, 0.999717;
845, 0.999731;
846, 0.999745;
847, 0.999758;
848, 0.99977;
849, 0.999781;
