1, 0.;
2, 0.984753;
3, 0.959024;
4, 0.928777;
5, 0.890509;
6, 0.854577;
7, 0.822289;
8, 0.791064;
9, 0.762503;
10, 0.737802;
11, 0.715892;
12, 0.688366;
13, 0.665135;
14, 0.646502;
15, 0.628152;
16, 0.609617;
17, 0.590258;
18, 0.572808;
19, 0.556295;
20, 0.538143;
21, 0.520412;
22, 0.503308;
23, 0.488454;
24, 0.475088;
25, 0.466217;
26, 0.454093;
27, 0.440792;
28, 0.430296;
29, 0.421719;
30, 0.411074;
31, 0.400993;
32, 0.391093;
33, 0.382433;
34, 0.373915;
35, 0.366146;
36, 0.361231;
37, 0.356885;
38, 0.346661;
39, 0.337856;
40, 0.327383;
41, 0.31698;
42, 0.306092;
43, 0.292863;
44, 0.285548;
45, 0.278145;
46, 0.269263;
47, 0.262156;
48, 0.25229;
49, 0.245512;
50, 0.238198;
51, 0.235724;
52, 0.231525;
53, 0.226791;
54, 0.222196;
55, 0.216015;
56, 0.210759;
57, 0.206835;
58, 0.200514;
59, 0.197006;
60, 0.193479;
61, 0.19123;
62, 0.187668;
63, 0.186228;
64, 0.185607;
65, 0.183914;
66, 0.180944;
67, 0.175561;
68, 0.175343;
69, 0.176271;
70, 0.175823;
71, 0.179257;
72, 0.181254;
73, 0.180038;
74, 0.183001;
75, 0.182573;
76, 0.181681;
77, 0.180865;
78, 0.179442;
79, 0.178284;
80, 0.177217;
81, 0.171955;
82, 0.169778;
83, 0.16839;
84, 0.165742;
85, 0.163;
86, 0.161562;
87, 0.158737;
88, 0.157999;
89, 0.155643;
90, 0.15373;
91, 0.150454;
92, 0.148897;
93, 0.148489;
94, 0.148327;
95, 0.145775;
96, 0.144031;
97, 0.142082;
98, 0.138415;
99, 0.136066;
100, 0.137175;
101, 0.135569;
102, 0.134498;
103, 0.132831;
104, 0.132026;
105, 0.129283;
106, 0.128364;
107, 0.127555;
108, 0.127403;
109, 0.126221;
110, 0.124482;
111, 0.125392;
112, 0.124667;
113, 0.123946;
114, 0.123001;
115, 0.121618;
116, 0.121341;
117, 0.121694;
118, 0.120603;
119, 0.122258;
120, 0.124608;
121, 0.125252;
122, 0.126512;
123, 0.126055;
124, 0.123222;
125, 0.121049;
126, 0.121774;
127, 0.120614;
128, 0.120095;
129, 0.121419;
130, 0.123357;
131, 0.123609;
132, 0.126767;
133, 0.125001;
134, 0.12783;
135, 0.130809;
136, 0.131727;
137, 0.131172;
138, 0.1334;
139, 0.13127;
140, 0.132229;
141, 0.133238;
142, 0.135039;
143, 0.13461;
144, 0.133035;
145, 0.133711;
146, 0.13189;
147, 0.132591;
148, 0.134035;
149, 0.136575;
150, 0.138793;
151, 0.138338;
152, 0.137939;
153, 0.138727;
154, 0.140837;
155, 0.138562;
156, 0.138735;
157, 0.140293;
158, 0.143622;
159, 0.144029;
160, 0.146588;
161, 0.147364;
162, 0.147746;
163, 0.150929;
164, 0.1523;
165, 0.151754;
166, 0.153342;
167, 0.154592;
168, 0.152796;
169, 0.153458;
170, 0.155934;
171, 0.157119;
172, 0.158893;
173, 0.158698;
174, 0.158546;
175, 0.15853;
176, 0.159261;
177, 0.159988;
178, 0.15922;
179, 0.161343;
180, 0.161285;
181, 0.16217;
182, 0.161908;
183, 0.161919;
184, 0.16193;
185, 0.158113;
186, 0.155785;
187, 0.153897;
188, 0.154827;
189, 0.156425;
190, 0.15872;
191, 0.160123;
192, 0.162168;
193, 0.163171;
194, 0.161855;
195, 0.161933;
196, 0.164213;
197, 0.16453;
198, 0.166128;
199, 0.165377;
200, 0.166122;
201, 0.167771;
202, 0.168721;
203, 0.170499;
204, 0.172934;
205, 0.174144;
206, 0.175716;
207, 0.175588;
208, 0.178806;
209, 0.179528;
210, 0.179242;
211, 0.180721;
212, 0.181964;
213, 0.184085;
214, 0.18464;
215, 0.184941;
216, 0.181726;
217, 0.181913;
218, 0.181442;
219, 0.180769;
220, 0.178377;
221, 0.18191;
222, 0.18332;
223, 0.186054;
224, 0.185669;
225, 0.186696;
226, 0.183166;
227, 0.184157;
228, 0.184806;
229, 0.185909;
230, 0.18686;
231, 0.187958;
232, 0.18871;
233, 0.189812;
234, 0.189725;
235, 0.189869;
236, 0.190687;
237, 0.193831;
238, 0.193283;
239, 0.190494;
240, 0.187681;
241, 0.186306;
242, 0.182211;
243, 0.177705;
244, 0.174851;
245, 0.169481;
246, 0.167427;
247, 0.16674;
248, 0.165245;
249, 0.167943;
250, 0.169532;
251, 0.172016;
252, 0.173532;
253, 0.175101;
254, 0.171697;
255, 0.168981;
256, 0.166919;
257, 0.165026;
258, 0.162093;
259, 0.158528;
260, 0.155595;
261, 0.153165;
262, 0.149884;
263, 0.146638;
264, 0.141511;
265, 0.139753;
266, 0.139153;
267, 0.137773;
268, 0.13805;
269, 0.137308;
270, 0.132226;
271, 0.129993;
272, 0.123493;
273, 0.120204;
274, 0.118571;
275, 0.118609;
276, 0.119164;
277, 0.118848;
278, 0.118482;
279, 0.118395;
280, 0.116658;
281, 0.116046;
282, 0.116145;
283, 0.116109;
284, 0.114292;
285, 0.115192;
286, 0.117344;
287, 0.118351;
288, 0.121934;
289, 0.121869;
290, 0.12038;
291, 0.114945;
292, 0.113607;
293, 0.111072;
294, 0.112133;
295, 0.109704;
296, 0.10584;
297, 0.105347;
298, 0.10209;
299, 0.099936;
300, 0.095815;
301, 0.097704;
302, 0.10086;
303, 0.100746;
304, 0.101318;
305, 0.100435;
306, 0.097618;
307, 0.097634;
308, 0.097519;
309, 0.098155;
310, 0.100186;
311, 0.096279;
312, 0.094578;
313, 0.094875;
314, 0.093893;
315, 0.100612;
316, 0.105082;
317, 0.112409;
318, 0.116743;
319, 0.125433;
320, 0.131547;
321, 0.137811;
322, 0.143307;
323, 0.149176;
324, 0.153423;
325, 0.159403;
326, 0.166738;
327, 0.172084;
328, 0.177066;
329, 0.179594;
330, 0.181542;
331, 0.183133;
332, 0.183217;
333, 0.184368;
334, 0.183321;
335, 0.181288;
336, 0.180233;
337, 0.180009;
338, 0.178693;
339, 0.182339;
340, 0.181848;
341, 0.187995;
342, 0.1927;
343, 0.193863;
344, 0.199248;
345, 0.202515;
346, 0.206786;
347, 0.209611;
348, 0.210804;
349, 0.208889;
350, 0.208269;
351, 0.208265;
352, 0.208519;
353, 0.20941;
354, 0.212558;
355, 0.215516;
356, 0.217127;
357, 0.218333;
358, 0.220776;
359, 0.222415;
360, 0.223908;
361, 0.22591;
362, 0.228265;
363, 0.226612;
364, 0.228868;
365, 0.229195;
366, 0.230316;
367, 0.230117;
368, 0.230187;
369, 0.229897;
370, 0.231793;
371, 0.232363;
372, 0.231543;
373, 0.23219;
374, 0.23488;
375, 0.238571;
376, 0.244509;
377, 0.244897;
378, 0.251653;
379, 0.255607;
380, 0.261439;
381, 0.269411;
382, 0.268652;
383, 0.2678;
384, 0.27166;
385, 0.271177;
386, 0.269356;
387, 0.271712;
388, 0.276674;
389, 0.286673;
390, 0.296172;
391, 0.299457;
392, 0.301248;
393, 0.29961;
394, 0.305219;
395, 0.312008;
396, 0.318651;
397, 0.319677;
398, 0.32558;
399, 0.331772;
400, 0.332337;
401, 0.334267;
402, 0.335452;
403, 0.343356;
404, 0.34895;
405, 0.352774;
406, 0.358546;
407, 0.360593;
408, 0.358744;
409, 0.366844;
410, 0.371265;
411, 0.373616;
412, 0.378444;
413, 0.381571;
414, 0.384087;
415, 0.385052;
416, 0.387978;
417, 0.392606;
418, 0.395252;
419, 0.398966;
420, 0.401715;
421, 0.405365;
422, 0.402963;
423, 0.399352;
424, 0.40179;
425, 0.40148;
426, 0.398559;
427, 0.394812;
428, 0.393878;
429, 0.394385;
430, 0.395515;
431, 0.39847;
432, 0.396737;
433, 0.39762;
434, 0.397;
435, 0.398194;
436, 0.396766;
437, 0.397875;
438, 0.397112;
439, 0.398917;
440, 0.404717;
441, 0.410616;
442, 0.410837;
443, 0.407092;
444, 0.405901;
445, 0.405255;
446, 0.406004;
447, 0.406618;
448, 0.405483;
449, 0.405897;
450, 0.400615;
451, 0.395889;
452, 0.392372;
453, 0.385691;
454, 0.381711;
455, 0.381595;
456, 0.381516;
457, 0.392531;
458, 0.406497;
459, 0.424013;
460, 0.43848;
461, 0.454883;
462, 0.46424;
463, 0.474232;
464, 0.486577;
465, 0.501321;
466, 0.514387;
467, 0.526768;
468, 0.535092;
469, 0.545854;
470, 0.552932;
471, 0.56011;
472, 0.566087;
473, 0.573256;
474, 0.582239;
475, 0.594956;
476, 0.607653;
477, 0.620234;
478, 0.630532;
479, 0.635971;
480, 0.642856;
481, 0.649072;
482, 0.65394;
483, 0.659635;
484, 0.66485;
485, 0.670778;
486, 0.673231;
487, 0.67741;
488, 0.679661;
489, 0.683778;
490, 0.686262;
491, 0.687196;
492, 0.688569;
493, 0.690586;
494, 0.692406;
495, 0.693843;
496, 0.695273;
497, 0.696047;
498, 0.696589;
499, 0.696162;
500, 0.694461;
501, 0.693039;
502, 0.690585;
503, 0.689357;
504, 0.685661;
505, 0.681436;
506, 0.675639;
507, 0.671008;
508, 0.665927;
509, 0.661132;
510, 0.656805;
511, 0.650715;
512, 0.645839;
513, 0.645388;
514, 0.644183;
515, 0.641643;
516, 0.641305;
517, 0.639525;
518, 0.638807;
519, 0.6378;
520, 0.636196;
521, 0.634606;
522, 0.633907;
523, 0.634021;
524, 0.634875;
525, 0.633482;
526, 0.631445;
527, 0.630417;
528, 0.629376;
529, 0.626539;
530, 0.625303;
531, 0.623804;
532, 0.622218;
533, 0.618669;
534, 0.616205;
535, 0.615259;
536, 0.615884;
537, 0.615991;
538, 0.615671;
539, 0.616113;
540, 0.616306;
541, 0.616911;
542, 0.617291;
543, 0.614799;
544, 0.61175;
545, 0.610702;
546, 0.608734;
547, 0.606443;
548, 0.603715;
549, 0.601285;
550, 0.598361;
551, 0.595518;
552, 0.593596;
553, 0.591996;
554, 0.59038;
555, 0.587449;
556, 0.587065;
557, 0.585176;
558, 0.581825;
559, 0.57942;
560, 0.576844;
561, 0.573358;
562, 0.569755;
563, 0.566883;
564, 0.563863;
565, 0.562292;
566, 0.560798;
567, 0.560774;
568, 0.558578;
569, 0.556557;
570, 0.554021;
571, 0.549991;
572, 0.547913;
573, 0.546457;
574, 0.544978;
575, 0.543961;
576, 0.542055;
577, 0.539206;
578, 0.538283;
579, 0.537115;
580, 0.537075;
581, 0.537394;
582, 0.538086;
583, 0.537608;
584, 0.5379;
585, 0.538599;
586, 0.539815;
587, 0.538667;
588, 0.540365;
589, 0.540941;
590, 0.541423;
591, 0.541395;
592, 0.5414;
593, 0.540627;
594, 0.540444;
595, 0.539816;
596, 0.540419;
597, 0.540636;
598, 0.540096;
599, 0.538772;
600, 0.536963;
601, 0.536477;
602, 0.534199;
603, 0.533559;
604, 0.533535;
605, 0.532053;
606, 0.530969;
607, 0.52955;
608, 0.529402;
609, 0.529423;
610, 0.528763;
611, 0.529757;
612, 0.528528;
613, 0.528561;
614, 0.528495;
615, 0.527718;
616, 0.527241;
617, 0.526041;
618, 0.52516;
619, 0.52387;
620, 0.521087;
621, 0.518898;
622, 0.51805;
623, 0.518088;
624, 0.518351;
625, 0.518244;
626, 0.517818;
627, 0.516052;
628, 0.514893;
629, 0.513013;
630, 0.513692;
631, 0.51291;
632, 0.513432;
633, 0.513279;
634, 0.513166;
635, 0.511244;
636, 0.509773;
637, 0.508182;
638, 0.506768;
639, 0.505165;
640, 0.504907;
641, 0.504953;
642, 0.504543;
643, 0.505289;
644, 0.505089;
645, 0.504965;
646, 0.504781;
647, 0.505256;
648, 0.504604;
649, 0.503563;
650, 0.50199;
651, 0.501891;
652, 0.501083;
653, 0.499829;
654, 0.497892;
655, 0.496052;
656, 0.493817;
657, 0.492278;
658, 0.491335;
659, 0.488753;
660, 0.48591;
661, 0.485902;
662, 0.48599;
663, 0.48575;
664, 0.486917;
665, 0.488057;
666, 0.488492;
667, 0.487933;
668, 0.488342;
669, 0.488406;
670, 0.489504;
671, 0.491553;
672, 0.492267;
673, 0.492135;
674, 0.491037;
675, 0.490123;
676, 0.488282;
677, 0.486663;
678, 0.486487;
679, 0.48499;
680, 0.484898;
681, 0.483188;
682, 0.480624;
683, 0.478091;
684, 0.474906;
685, 0.47428;
686, 0.473459;
687, 0.472516;
688, 0.472237;
689, 0.473236;
690, 0.472499;
691, 0.471701;
692, 0.470165;
693, 0.469809;
694, 0.468238;
695, 0.468367;
696, 0.469008;
697, 0.467802;
698, 0.46779;
699, 0.469109;
700, 0.4702;
701, 0.471528;
702, 0.471751;
703, 0.472645;
704, 0.473559;
705, 0.473778;
706, 0.472658;
707, 0.471269;
708, 0.46969;
709, 0.467055;
710, 0.465816;
711, 0.464088;
712, 0.462058;
713, 0.460291;
714, 0.457574;
715, 0.45574;
716, 0.454256;
717, 0.453398;
718, 0.453264;
719, 0.451256;
720, 0.450191;
721, 0.449828;
722, 0.448835;
723, 0.446853;
724, 0.445976;
725, 0.445662;
726, 0.445363;
727, 0.445534;
728, 0.445436;
729, 0.444305;
730, 0.444107;
731, 0.444048;
732, 0.440847;
733, 0.439914;
734, 0.438151;
735, 0.433202;
736, 0.429311;
737, 0.426458;
738, 0.424363;
739, 0.422827;
740, 0.421693;
741, 0.418734;
742, 0.415858;
743, 0.412445;
744, 0.410792;
745, 0.40974;
746, 0.409;
747, 0.40713;
748, 0.405418;
749, 0.404602;
750, 0.404606;
751, 0.404317;
752, 0.40414;
753, 0.405366;
754, 0.404586;
755, 0.406016;
756, 0.406403;
757, 0.407354;
758, 0.408614;
759, 0.408709;
760, 0.409447;
761, 0.409046;
762, 0.410189;
763, 0.412215;
764, 0.413297;
765, 0.414292;
766, 0.414784;
767, 0.415056;
768, 0.415964;
769, 0.415561;
770, 0.414498;
771, 0.416438;
772, 0.417504;
773, 0.419748;
774, 0.42175;
775, 0.422225;
776, 0.422969;
777, 0.424194;
778, 0.425098;
779, 0.426249;
780, 0.428089;
781, 0.429901;
782, 0.431655;
783, 0.43371;
784, 0.434885;
785, 0.435449;
786, 0.436147;
787, 0.438367;
788, 0.440087;
789, 0.441299;
790, 0.442743;
791, 0.442298;
792, 0.442654;
793, 0.444873;
794, 0.445003;
795, 0.444056;
796, 0.443222;
797, 0.442234;
798, 0.44188;
799, 0.441122;
800, 0.439332;
801, 0.438539;
802, 0.437591;
803, 0.437048;
804, 0.435332;
805, 0.432761;
806, 0.430027;
807, 0.42811;
808, 0.426938;
809, 0.426409;
810, 0.42623;
811, 0.425281;
812, 0.42464;
813, 0.425003;
814, 0.424894;
815, 0.425083;
816, 0.425845;
817, 0.427737;
818, 0.427362;
819, 0.429113;
820, 0.428767;
821, 0.430286;
822, 0.431955;
823, 0.432083;
824, 0.433306;
825, 0.433593;
826, 0.431401;
827, 0.431459;
828, 0.432129;
829, 0.431762;
830, 0.430115;
831, 0.430529;
832, 0.430274;
833, 0.431555;
834, 0.432707;
835, 0.432959;
836, 0.433393;
837, 0.432378;
838, 0.432193;
839, 0.432405;
840, 0.433061;
841, 0.43469;
842, 0.436302;
843, 0.436536;
844, 0.436823;
845, 0.436934;
846, 0.437169;
847, 0.4371;
848, 0.437327;
849, 0.435305;
850, 0.434487;
851, 0.433028;
852, 0.432972;
853, 0.432724;
854, 0.432165;
855, 0.430401;
856, 0.429406;
857, 0.430601;
858, 0.431574;
859, 0.431883;
860, 0.431171;
861, 0.429456;
862, 0.427406;
863, 0.428637;
864, 0.428152;
865, 0.428534;
866, 0.428962;
867, 0.428558;
868, 0.428596;
869, 0.427951;
870, 0.427857;
871, 0.429259;
872, 0.429586;
873, 0.430512;
874, 0.430744;
875, 0.432261;
876, 0.4326;
877, 0.433895;
878, 0.43626;
879, 0.435491;
880, 0.435507;
881, 0.437175;
882, 0.437949;
883, 0.437777;
884, 0.435765;
