1, 0.;
2, 0.974803;
3, 0.938562;
4, 0.904134;
5, 0.871428;
6, 0.840356;
7, 0.810838;
8, 0.782797;
9, 0.756157;
10, 0.730849;
11, 0.706806;
12, 0.671466;
13, 0.637893;
14, 0.605998;
15, 0.575698;
16, 0.546913;
17, 0.519568;
18, 0.493589;
19, 0.46891;
20, 0.445464;
21, 0.423191;
22, 0.402032;
23, 0.38193;
24, 0.362833;
25, 0.344692;
26, 0.327457;
27, 0.311084;
28, 0.29553;
29, 0.280754;
30, 0.266716;
31, 0.25338;
32, 0.240711;
33, 0.228676;
34, 0.217242;
35, 0.20638;
36, 0.196061;
37, 0.186258;
38, 0.176945;
39, 0.168098;
40, 0.159693;
41, 0.151708;
42, 0.144123;
43, 0.136917;
44, 0.130071;
45, 0.123567;
46, 0.117389;
47, 0.111519;
48, 0.105943;
49, 0.100646;
50, 0.095614;
51, 0.090833;
52, 0.086292;
53, 0.081977;
54, 0.077878;
55, 0.073984;
56, 0.070285;
57, 0.066771;
58, 0.063432;
59, 0.060261;
60, 0.057248;
61, 0.054385;
62, 0.051666;
63, 0.049083;
64, 0.046629;
65, 0.044297;
66, 0.042082;
67, 0.039978;
68, 0.037979;
69, 0.03608;
70, 0.034276;
71, 0.032562;
72, 0.030934;
73, 0.029388;
74, 0.027918;
75, 0.026522;
76, 0.025196;
77, 0.023936;
78, 0.02274;
79, 0.021603;
80, 0.020522;
81, 0.019496;
82, 0.018522;
83, 0.017595;
84, 0.016716;
85, 0.01588;
86, 0.015086;
87, 0.014332;
88, 0.013615;
89, 0.012934;
90, 0.012288;
91, 0.011673;
92, 0.01109;
93, 0.010535;
94, 0.010008;
95, 0.009508;
96, 0.009032;
97, 0.008581;
98, 0.008152;
99, 0.007744;
100, 0.007357;
101, 0.006989;
102, 0.00664;
103, 0.006308;
104, 0.005992;
105, 0.005693;
106, 0.005408;
107, 0.005138;
108, 0.004881;
109, 0.004637;
110, 0.004405;
111, 0.004185;
112, 0.003975;
113, 0.003777;
114, 0.003588;
115, 0.003408;
116, 0.003238;
117, 0.003076;
118, 0.002922;
119, 0.002776;
120, 0.002637;
121, 0.002506;
122, 0.00238;
123, 0.002261;
124, 0.002148;
125, 0.002041;
126, 0.001939;
127, 0.001842;
128, 0.00175;
129, 0.001662;
130, 0.001579;
131, 0.0015;
132, 0.001425;
133, 0.001354;
134, 0.001286;
135, 0.001222;
136, 0.001161;
137, 0.001103;
138, 0.001048;
139, 0.000995;
140, 0.000945;
141, 0.000898;
142, 0.000853;
143, 0.000811;
144, 0.00077;
145, 0.000732;
146, 0.000695;
147, 0.00066;
148, 0.000627;
149, 0.000596;
150, 0.013066;
151, 0.024913;
152, 0.036167;
153, 0.046859;
154, 0.057016;
155, 0.066665;
156, 0.075832;
157, 0.07204;
158, 0.080938;
159, 0.089391;
160, 0.097422;
161, 0.105051;
162, 0.099798;
163, 0.107308;
164, 0.114443;
165, 0.121221;
166, 0.11516;
167, 0.109402;
168, 0.103932;
169, 0.098735;
170, 0.093798;
171, 0.089108;
172, 0.084653;
173, 0.08042;
174, 0.076399;
175, 0.072579;
176, 0.06895;
177, 0.065503;
178, 0.062228;
179, 0.059116;
180, 0.05616;
181, 0.053352;
182, 0.050685;
183, 0.048151;
184, 0.045743;
185, 0.043456;
186, 0.041283;
187, 0.039219;
188, 0.037258;
189, 0.035395;
190, 0.033625;
191, 0.031944;
192, 0.030347;
193, 0.02883;
194, 0.027388;
195, 0.026019;
196, 0.024718;
197, 0.023482;
198, 0.022308;
199, 0.021192;
200, 0.020133;
201, 0.019126;
202, 0.01817;
203, 0.017261;
204, 0.016398;
205, 0.015578;
206, 0.014799;
207, 0.014059;
208, 0.013356;
209, 0.012689;
210, 0.012054;
211, 0.011452;
212, 0.010879;
213, 0.010335;
214, 0.009818;
215, 0.009327;
216, 0.008861;
217, 0.008418;
218, 0.007997;
219, 0.007597;
220, 0.007217;
221, 0.006856;
222, 0.006514;
223, 0.006188;
224, 0.005879;
225, 0.005585;
226, 0.005305;
227, 0.00504;
228, 0.004788;
229, 0.004549;
230, 0.004321;
231, 0.004105;
232, 0.0039;
233, 0.003705;
234, 0.00352;
235, 0.003344;
236, 0.003177;
237, 0.003018;
238, 0.002867;
239, 0.002723;
240, 0.002587;
241, 0.002458;
242, 0.002335;
243, 0.002218;
244, 0.002107;
245, 0.002002;
246, 0.001902;
247, 0.001807;
248, 0.001716;
249, 0.001631;
250, 0.001549;
251, 0.001472;
252, 0.001398;
253, 0.001328;
254, 0.001262;
255, 0.001199;
256, 0.001139;
257, 0.001082;
258, 0.001028;
259, 0.000976;
260, 0.000928;
261, 0.000881;
262, 0.000837;
263, 0.000795;
264, 0.000755;
265, 0.000718;
266, 0.000682;
267, 0.000648;
268, 0.000615;
269, 0.000585;
270, 0.000555;
271, 0.000528;
272, 0.000501;
273, 0.000476;
274, 0.000452;
275, 0.00043;
276, 0.000408;
277, 0.000388;
278, 0.000368;
279, 0.00035;
280, 0.000332;
281, 0.000316;
282, 0.0003;
283, 0.000285;
284, 0.000271;
285, 0.000257;
286, 0.000244;
287, 0.000232;
288, 0.000221;
289, 0.00021;
290, 0.000199;
291, 0.000189;
292, 0.00018;
293, 0.000171;
294, 0.000162;
295, 0.000154;
296, 0.000146;
297, 0.000139;
298, 0.000132;
299, 0.000125;
300, 0.000119;
301, 0.000113;
302, 0.000108;
303, 0.000102;
304, 0.000097;
305, 0.000092;
306, 0.000088;
307, 0.000083;
308, 0.000079;
309, 0.000075;
310, 0.000071;
311, 0.000068;
312, 0.000064;
313, 0.000061;
314, 0.000058;
315, 0.000055;
316, 0.000052;
317, 0.00005;
318, 0.000047;
319, 0.000045;
320, 0.000043;
321, 0.000041;
322, 0.000039;
323, 0.000037;
324, 0.000035;
325, 0.000033;
326, 0.000031;
327, 0.00003;
328, 0.000028;
329, 0.000027;
330, 0.000026;
331, 0.000024;
332, 0.000023;
333, 0.000022;
334, 0.000021;
335, 0.00002;
336, 0.000019;
337, 0.000018;
338, 0.000017;
339, 0.000016;
340, 0.000015;
341, 0.000015;
342, 0.000014;
343, 0.000013;
344, 0.000012;
345, 0.000012;
346, 0.000011;
347, 0.000011;
348, 0.00001;
349, 0.00001;
350, 0.000009;
351, 0.000009;
352, 0.000008;
353, 0.000008;
354, 0.000007;
355, 0.000007;
356, 0.000007;
357, 0.000006;
358, 0.000006;
359, 0.000006;
360, 0.000005;
361, 0.000005;
362, 0.000005;
363, 0.000005;
364, 0.000004;
365, 0.012504;
366, 0.024379;
367, 0.03566;
368, 0.046377;
369, 0.056558;
370, 0.06623;
371, 0.075419;
372, 0.084148;
373, 0.09244;
374, 0.100318;
375, 0.107803;
376, 0.114912;
377, 0.121667;
378, 0.128083;
379, 0.134179;
380, 0.13997;
381, 0.145472;
382, 0.150698;
383, 0.155663;
384, 0.16038;
385, 0.164861;
386, 0.169118;
387, 0.173162;
388, 0.177004;
389, 0.180654;
390, 0.184121;
391, 0.187415;
392, 0.190544;
393, 0.193517;
394, 0.196341;
395, 0.199024;
396, 0.201573;
397, 0.203994;
398, 0.206295;
399, 0.20848;
400, 0.210556;
401, 0.212528;
402, 0.214402;
403, 0.216182;
404, 0.217873;
405, 0.219479;
406, 0.221005;
407, 0.222455;
408, 0.223832;
409, 0.22514;
410, 0.226383;
411, 0.227564;
412, 0.228686;
413, 0.229752;
414, 0.230764;
415, 0.231726;
416, 0.23264;
417, 0.233508;
418, 0.234332;
419, 0.235116;
420, 0.23586;
421, 0.236567;
422, 0.237239;
423, 0.237877;
424, 0.238483;
425, 0.239059;
426, 0.239606;
427, 0.240125;
428, 0.240619;
429, 0.241088;
430, 0.241534;
431, 0.241957;
432, 0.242359;
433, 0.242741;
434, 0.243104;
435, 0.243449;
436, 0.243777;
437, 0.244088;
438, 0.244383;
439, 0.244664;
440, 0.244931;
441, 0.245184;
442, 0.245425;
443, 0.245654;
444, 0.245871;
445, 0.246078;
446, 0.246274;
447, 0.24646;
448, 0.246637;
449, 0.246805;
450, 0.246965;
451, 0.247117;
452, 0.247261;
453, 0.247398;
454, 0.247528;
455, 0.247652;
456, 0.247769;
457, 0.247881;
458, 0.247986;
459, 0.248087;
460, 0.248183;
461, 0.248274;
462, 0.24836;
463, 0.248442;
464, 0.24852;
465, 0.248594;
466, 0.248664;
467, 0.248731;
468, 0.248794;
469, 0.248855;
470, 0.248912;
471, 0.248966;
472, 0.249018;
473, 0.249067;
474, 0.249114;
475, 0.249158;
476, 0.2492;
477, 0.24924;
478, 0.249278;
479, 0.249314;
480, 0.249349;
481, 0.249381;
482, 0.249412;
483, 0.249441;
484, 0.249469;
485, 0.249496;
486, 0.249521;
487, 0.249545;
488, 0.249568;
489, 0.249589;
490, 0.24961;
491, 0.249629;
492, 0.249648;
493, 0.249666;
494, 0.249682;
495, 0.249698;
496, 0.249713;
497, 0.249728;
498, 0.249741;
499, 0.249754;
500, 0.249766;
501, 0.249778;
502, 0.249789;
503, 0.2498;
504, 0.24981;
505, 0.249819;
506, 0.249828;
507, 0.249837;
508, 0.249845;
509, 0.249853;
510, 0.24986;
511, 0.249867;
512, 0.249874;
513, 0.24988;
514, 0.249886;
515, 0.249892;
516, 0.249897;
517, 0.249902;
518, 0.249907;
519, 0.249912;
520, 0.249916;
521, 0.24992;
522, 0.249924;
523, 0.249928;
524, 0.249932;
525, 0.249935;
526, 0.249938;
527, 0.249942;
528, 0.249944;
529, 0.249947;
530, 0.26245;
531, 0.261827;
532, 0.261236;
533, 0.260674;
534, 0.260141;
535, 0.259633;
536, 0.259152;
537, 0.258694;
538, 0.25826;
539, 0.282847;
540, 0.281204;
541, 0.304644;
542, 0.301912;
543, 0.299316;
544, 0.32185;
545, 0.318258;
546, 0.339845;
547, 0.335353;
548, 0.356085;
549, 0.375781;
550, 0.394492;
551, 0.412267;
552, 0.429154;
553, 0.445196;
554, 0.460436;
555, 0.474915;
556, 0.488669;
557, 0.501735;
558, 0.514149;
559, 0.525941;
560, 0.537144;
561, 0.547787;
562, 0.557898;
563, 0.567503;
564, 0.576628;
565, 0.585296;
566, 0.593531;
567, 0.601355;
568, 0.608787;
569, 0.615848;
570, 0.622555;
571, 0.628928;
572, 0.634981;
573, 0.640732;
574, 0.646196;
575, 0.651386;
576, 0.656316;
577, 0.661001;
578, 0.665451;
579, 0.669678;
580, 0.673694;
581, 0.677509;
582, 0.681134;
583, 0.684577;
584, 0.687848;
585, 0.690956;
586, 0.693908;
587, 0.696713;
588, 0.699377;
589, 0.701908;
590, 0.704313;
591, 0.706597;
592, 0.708767;
593, 0.710829;
594, 0.712788;
595, 0.714648;
596, 0.716416;
597, 0.718095;
598, 0.71969;
599, 0.721206;
600, 0.722645;
601, 0.724013;
602, 0.725312;
603, 0.726547;
604, 0.72772;
605, 0.728834;
606, 0.729892;
607, 0.730897;
608, 0.731852;
609, 0.73276;
610, 0.733622;
611, 0.734441;
612, 0.735219;
613, 0.735958;
614, 0.73666;
615, 0.737327;
616, 0.737961;
617, 0.738563;
618, 0.739134;
619, 0.739678;
620, 0.740194;
621, 0.740684;
622, 0.74115;
623, 0.741592;
624, 0.742013;
625, 0.742412;
626, 0.742792;
627, 0.743152;
628, 0.743494;
629, 0.74382;
630, 0.744129;
631, 0.744422;
632, 0.744701;
633, 0.744966;
634, 0.745218;
635, 0.745457;
636, 0.745684;
637, 0.7459;
638, 0.746105;
639, 0.7463;
640, 0.746485;
641, 0.75916;
642, 0.758702;
643, 0.758267;
644, 0.757854;
645, 0.757461;
646, 0.757088;
647, 0.756734;
648, 0.768897;
649, 0.767952;
650, 0.767055;
651, 0.766202;
652, 0.765392;
653, 0.764622;
654, 0.763891;
655, 0.763197;
656, 0.775037;
657, 0.773785;
658, 0.785096;
659, 0.783341;
660, 0.781674;
661, 0.78009;
662, 0.778586;
663, 0.777156;
664, 0.775798;
665, 0.774509;
666, 0.773283;
667, 0.772119;
668, 0.771013;
669, 0.769962;
670, 0.768964;
671, 0.768016;
672, 0.767115;
673, 0.766259;
674, 0.765446;
675, 0.764674;
676, 0.76394;
677, 0.763243;
678, 0.762581;
679, 0.761952;
680, 0.773855;
681, 0.772662;
682, 0.771529;
683, 0.770452;
684, 0.76943;
685, 0.768458;
686, 0.767535;
687, 0.766659;
688, 0.765826;
689, 0.765034;
690, 0.764283;
691, 0.776069;
692, 0.774765;
693, 0.773527;
694, 0.78485;
695, 0.783108;
696, 0.781453;
697, 0.77988;
698, 0.778386;
699, 0.776967;
700, 0.775618;
701, 0.774337;
702, 0.773121;
703, 0.771964;
704, 0.770866;
705, 0.769823;
706, 0.768832;
707, 0.76789;
708, 0.766996;
709, 0.766146;
710, 0.765339;
711, 0.764572;
712, 0.763843;
713, 0.763151;
714, 0.762493;
715, 0.761869;
716, 0.761275;
717, 0.760712;
718, 0.760176;
719, 0.759667;
720, 0.759184;
721, 0.758725;
722, 0.758288;
723, 0.757874;
724, 0.75748;
725, 0.757106;
726, 0.769251;
727, 0.768288;
728, 0.767374;
729, 0.766505;
730, 0.76568;
731, 0.777396;
732, 0.776026;
733, 0.787225;
734, 0.785364;
735, 0.783595;
736, 0.794416;
737, 0.792195;
738, 0.790085;
739, 0.788081;
740, 0.786177;
741, 0.796868;
742, 0.807025;
743, 0.816673;
744, 0.82584;
745, 0.834548;
746, 0.83032;
747, 0.826304;
748, 0.834989;
749, 0.84324;
750, 0.851078;
751, 0.858524;
752, 0.865598;
753, 0.872318;
754, 0.878702;
755, 0.884767;
756, 0.890528;
757, 0.896002;
758, 0.901202;
759, 0.906142;
760, 0.910835;
761, 0.915293;
762, 0.919528;
763, 0.923552;
764, 0.927374;
765, 0.931006;
766, 0.934455;
767, 0.937733;
768, 0.940846;
769, 0.943804;
770, 0.946613;
771, 0.949283;
772, 0.951819;
773, 0.954228;
774, 0.956516;
775, 0.958691;
776, 0.960756;
777, 0.962718;
778, 0.964582;
779, 0.966353;
780, 0.968036;
781, 0.969634;
782, 0.971152;
783, 0.972594;
784, 0.973965;
785, 0.975266;
786, 0.976503;
787, 0.977678;
788, 0.978794;
789, 0.979854;
790, 0.980862;
791, 0.981819;
792, 0.982728;
793, 0.983591;
794, 0.984412;
795, 0.985191;
796, 0.985932;
797, 0.986635;
798, 0.987303;
799, 0.987938;
800, 0.988541;
801, 0.989114;
802, 0.989658;
803, 0.990175;
804, 0.978167;
805, 0.979258;
806, 0.980295;
807, 0.981281;
808, 0.982217;
809, 0.983106;
