1, 0.;
2, 0.463976;
3, 0.440777;
4, 0.418739;
5, 0.397802;
6, 0.377912;
7, 0.359016;
8, 0.341065;
9, 0.324012;
10, 0.307811;
11, 0.292421;
12, 0.2778;
13, 0.26391;
14, 0.250714;
15, 0.238179;
16, 0.22627;
17, 0.214956;
18, 0.204208;
19, 0.193998;
20, 0.184298;
21, 0.175083;
22, 0.166329;
23, 0.158013;
24, 0.150112;
25, 0.142606;
26, 0.135476;
27, 0.128702;
28, 0.122267;
29, 0.116154;
30, 0.110346;
31, 0.104829;
32, 0.099587;
33, 0.094608;
34, 0.089878;
35, 0.085384;
36, 0.081114;
37, 0.077059;
38, 0.073206;
39, 0.069546;
40, 0.066068;
41, 0.062765;
42, 0.059627;
43, 0.056645;
44, 0.053813;
45, 0.051122;
46, 0.048566;
47, 0.046138;
48, 0.043831;
49, 0.041639;
50, 0.039558;
51, 0.03758;
52, 0.035701;
53, 0.033916;
54, 0.03222;
55, 0.030609;
56, 0.029078;
57, 0.027624;
58, 0.026243;
59, 0.024931;
60, 0.023685;
61, 0.0225;
62, 0.021375;
63, 0.020307;
64, 0.019291;
65, 0.018327;
66, 0.01741;
67, 0.01654;
68, 0.015713;
69, 0.014927;
70, 0.014181;
71, 0.013472;
72, 0.012798;
73, 0.012158;
74, 0.01155;
75, 0.010973;
76, 0.010424;
77, 0.009903;
78, 0.009408;
79, 0.008937;
80, 0.008491;
81, 0.008066;
82, 0.007663;
83, 0.00728;
84, 0.006916;
85, 0.00657;
86, 0.006241;
87, 0.005929;
88, 0.005633;
89, 0.005351;
90, 0.005084;
91, 0.004829;
92, 0.004588;
93, 0.004359;
94, 0.004141;
95, 0.003934;
96, 0.003737;
97, 0.00355;
98, 0.003373;
99, 0.003204;
100, 0.003044;
101, 0.002892;
102, 0.002747;
103, 0.00261;
104, 0.002479;
105, 0.002355;
106, 0.002237;
107, 0.002126;
108, 0.002019;
109, 0.001918;
110, 0.001822;
111, 0.001731;
112, 0.001645;
113, 0.001562;
114, 0.001484;
115, 0.00141;
116, 0.00134;
117, 0.001273;
118, 0.001209;
119, 0.001149;
120, 0.001091;
121, 0.001037;
122, 0.000985;
123, 0.000936;
124, 0.000889;
125, 0.000844;
126, 0.000802;
127, 0.000762;
128, 0.000724;
129, 0.000688;
130, 0.000653;
131, 0.000621;
132, 0.00059;
133, 0.00056;
134, 0.000532;
135, 0.000506;
136, 0.00048;
137, 0.000456;
138, 0.000433;
139, 0.000412;
140, 0.000391;
141, 0.000372;
142, 0.000353;
143, 0.000335;
144, 0.000319;
145, 0.000303;
146, 0.000288;
147, 0.000273;
148, 0.00026;
149, 0.000247;
150, 0.000234;
151, 0.000222;
152, 0.000211;
153, 0.000201;
154, 0.000191;
155, 0.000181;
156, 0.000172;
157, 0.000164;
158, 0.000155;
159, 0.000148;
160, 0.00014;
161, 0.000133;
162, 0.000127;
163, 0.00012;
164, 0.000114;
165, 0.000109;
166, 0.000103;
167, 0.000098;
168, 0.000093;
169, 0.000088;
170, 0.000084;
171, 0.00008;
172, 0.000076;
173, 0.000072;
174, 0.000068;
175, 0.000065;
176, 0.000062;
177, 0.000059;
178, 0.000056;
179, 0.000053;
180, 0.00005;
181, 0.000048;
182, 0.000045;
183, 0.000043;
184, 0.000041;
185, 0.000039;
186, 0.000037;
187, 0.000035;
188, 0.000033;
189, 0.000032;
190, 0.00003;
191, 0.000029;
192, 0.000027;
193, 0.000026;
194, 0.000025;
195, 0.000023;
196, 0.000022;
197, 0.000021;
198, 0.00002;
199, 0.000019;
200, 0.000018;
201, 0.000017;
202, 0.000016;
203, 0.000015;
204, 0.000015;
205, 0.000014;
206, 0.000013;
207, 0.000013;
208, 0.000012;
209, 0.000011;
210, 0.000011;
211, 0.00001;
212, 0.00001;
213, 0.000009;
214, 0.000009;
215, 0.000008;
216, 0.000008;
217, 0.000008;
218, 0.000007;
219, 0.000007;
220, 0.000006;
221, 0.000006;
222, 0.000006;
223, 0.000006;
224, 0.000005;
225, 0.000005;
226, 0.000005;
227, 0.000005;
228, 0.000004;
229, 0.000004;
230, 0.000004;
231, 0.000004;
232, 0.000003;
233, 0.000003;
234, 0.000003;
235, 0.000003;
236, 0.000003;
237, 0.000003;
238, 0.000003;
239, 0.000002;
240, 0.000002;
241, 0.000002;
242, 0.000002;
243, 0.000002;
244, 0.000002;
245, 0.000002;
246, 0.000002;
247, 0.000002;
248, 0.000002;
249, 0.000001;
250, 0.000001;
251, 0.000001;
252, 0.000001;
253, 0.000001;
254, 0.000001;
255, 0.000001;
256, 0.000001;
257, 0.000001;
258, 0.000001;
259, 0.000001;
260, 0.000001;
261, 0.000001;
262, 0.000001;
263, 0.000001;
264, 0.000001;
265, 0.000001;
266, 0.000001;
267, 0.000001;
268, 0.000001;
269, 0.000001;
270, 0.;
271, 0.;
272, 0.;
273, 0.;
274, 0.;
275, 0.;
276, 0.;
277, 0.;
278, 0.;
279, 0.;
280, 0.;
281, 0.;
282, 0.;
283, 0.;
284, 0.;
285, 0.;
286, 0.;
287, 0.;
288, 0.;
289, 0.;
290, 0.;
291, 0.;
292, 0.;
293, 0.;
294, 0.;
295, 0.;
296, 0.;
297, 0.;
298, 0.;
299, 0.;
300, 0.;
301, 0.;
302, 0.;
303, 0.;
304, 0.;
305, 0.;
306, 0.;
307, 0.;
308, 0.;
309, 0.;
310, 0.;
311, 0.;
312, 0.;
313, 0.;
314, 0.;
315, 0.;
316, 0.;
317, 0.;
318, 0.;
319, 0.;
320, 0.;
321, 0.;
322, 0.;
323, 0.;
324, 0.;
325, 0.;
326, 0.;
327, 0.;
328, 0.;
329, 0.;
330, 0.;
331, 0.;
332, 0.;
333, 0.;
334, 0.;
335, 0.;
336, 0.;
337, 0.;
338, 0.;
339, 0.;
340, 0.;
341, 0.;
342, 0.;
343, 0.;
344, 0.;
345, 0.;
346, 0.;
347, 0.;
348, 0.;
349, 0.;
350, 0.;
351, 0.;
352, 0.;
353, 0.;
354, 0.;
355, 0.;
356, 0.;
357, 0.;
358, 0.;
359, 0.;
360, 0.;
361, 0.;
362, 0.;
363, 0.;
364, 0.;
365, 0.;
366, 0.;
367, 0.;
368, 0.;
369, 0.;
370, 0.;
371, 0.;
372, 0.;
373, 0.;
374, 0.;
375, 0.;
376, 0.;
377, 0.;
378, 0.;
379, 0.;
380, 0.;
381, 0.;
382, 0.;
383, 0.;
384, 0.;
385, 0.;
386, 0.;
387, 0.;
388, 0.;
389, 0.;
390, 0.;
391, 0.;
392, 0.;
393, 0.;
394, 0.;
395, 0.;
396, 0.;
397, 0.;
398, 0.;
399, 0.;
400, 0.;
401, 0.;
402, 0.;
403, 0.;
404, 0.;
405, 0.;
406, 0.;
407, 0.;
408, 0.;
409, 0.;
410, 0.;
411, 0.;
412, 0.;
413, 0.;
414, 0.;
415, 0.;
416, 0.;
417, 0.;
418, 0.;
419, 0.;
420, 0.;
421, 0.;
422, 0.;
423, 0.;
424, 0.;
425, 0.;
426, 0.;
427, 0.;
428, 0.;
429, 0.;
430, 0.;
431, 0.;
432, 0.;
433, 0.;
434, 0.;
435, 0.;
436, 0.;
437, 0.;
438, 0.;
439, 0.;
440, 0.;
441, 0.;
442, 0.;
443, 0.;
444, 0.;
445, 0.;
446, 0.;
447, 0.;
448, 0.;
449, 0.;
450, 0.;
451, 0.;
452, 0.;
453, 0.;
454, 0.;
455, 0.;
456, 0.;
457, 0.;
458, 0.;
459, 0.;
460, 0.;
461, 0.;
462, 0.;
463, 0.;
464, 0.;
465, 0.;
466, 0.;
467, 0.;
468, 0.;
469, 0.;
470, 0.;
471, 0.;
472, 0.;
473, 0.;
474, 0.;
475, 0.;
476, 0.;
477, 0.;
478, 0.;
479, 0.;
480, 0.;
481, 0.;
482, 0.;
483, 0.;
484, 0.;
485, 0.;
486, 0.;
487, 0.;
488, 0.;
489, 0.;
490, 0.;
491, 0.;
492, 0.;
493, 0.;
494, 0.;
495, 0.;
496, 0.;
497, 0.;
498, 0.;
499, 0.;
500, 0.;
501, 0.;
502, 0.;
503, 0.;
504, 0.;
505, 0.;
506, 0.;
507, 0.;
508, 0.;
509, 0.;
510, 0.;
511, 0.;
512, 0.;
513, 0.;
514, 0.;
515, 0.;
516, 0.;
517, 0.;
518, 0.;
519, 0.;
520, 0.;
521, 0.;
522, 0.;
523, 0.;
524, 0.;
525, 0.;
526, 0.;
527, 0.;
528, 0.;
529, 0.;
530, 0.;
531, 0.;
532, 0.;
533, 0.;
534, 0.;
535, 0.;
536, 0.;
537, 0.;
538, 0.;
539, 0.;
540, 0.;
541, 0.;
542, 0.;
543, 0.;
544, 0.;
545, 0.;
546, 0.;
547, 0.;
548, 0.;
549, 0.;
550, 0.;
551, 0.;
552, 0.;
553, 0.;
554, 0.;
555, 0.;
556, 0.;
557, 0.;
558, 0.;
559, 0.;
560, 0.;
561, 0.;
562, 0.;
563, 0.;
564, 0.;
565, 0.;
566, 0.;
567, 0.;
568, 0.;
569, 0.;
570, 0.;
571, 0.;
572, 0.;
573, 0.;
574, 0.;
575, 0.;
576, 0.;
577, 0.;
578, 0.;
579, 0.;
580, 0.;
581, 0.;
582, 0.;
583, 0.;
584, 0.;
585, 0.;
586, 0.;
587, 0.;
588, 0.;
589, 0.;
590, 0.;
591, 0.;
592, 0.;
593, 0.;
594, 0.;
595, 0.;
596, 0.;
597, 0.;
598, 0.;
599, 0.;
600, 0.;
601, 0.;
602, 0.;
603, 0.;
604, 0.;
605, 0.;
606, 0.;
607, 0.;
608, 0.;
609, 0.;
610, 0.;
611, 0.;
612, 0.;
613, 0.;
614, 0.;
615, 0.;
616, 0.;
617, 0.;
618, 0.;
619, 0.;
620, 0.;
621, 0.;
622, 0.;
623, 0.;
624, 0.;
625, 0.;
626, 0.;
627, 0.;
628, 0.;
629, 0.;
630, 0.;
631, 0.;
632, 0.;
633, 0.;
634, 0.;
635, 0.;
636, 0.;
637, 0.;
638, 0.;
639, 0.;
640, 0.;
641, 0.;
642, 0.;
643, 0.;
644, 0.;
645, 0.;
646, 0.;
647, 0.;
648, 0.;
649, 0.;
650, 0.;
651, 0.;
652, 0.;
653, 0.;
654, 0.;
655, 0.;
656, 0.;
657, 0.;
658, 0.;
659, 0.;
660, 0.;
661, 0.;
662, 0.;
663, 0.;
664, 0.;
665, 0.;
666, 0.;
667, 0.;
668, 0.;
669, 0.;
670, 0.;
671, 0.;
672, 0.;
673, 0.;
674, 0.;
675, 0.;
676, 0.;
677, 0.;
678, 0.;
679, 0.;
680, 0.;
681, 0.;
682, 0.;
683, 0.;
684, 0.;
685, 0.;
686, 0.;
687, 0.;
688, 0.;
689, 0.;
690, 0.;
691, 0.;
692, 0.;
693, 0.;
694, 0.;
695, 0.;
696, 0.;
697, 0.;
698, 0.;
699, 0.;
700, 0.;
701, 0.;
702, 0.;
703, 0.;
704, 0.;
705, 0.;
706, 0.;
707, 0.;
708, 0.;
709, 0.;
710, 0.;
711, 0.;
712, 0.;
713, 0.;
714, 0.;
715, 0.;
716, 0.;
717, 0.;
718, 0.;
719, 0.;
720, 0.;
721, 0.;
722, 0.;
723, 0.;
724, 0.;
725, 0.;
726, 0.;
727, 0.;
728, 0.;
729, 0.;
730, 0.;
731, 0.;
732, 0.;
733, 0.;
734, 0.;
735, 0.;
736, 0.;
737, 0.;
738, 0.;
739, 0.;
740, 0.;
741, 0.;
742, 0.;
743, 0.;
744, 0.;
745, 0.;
746, 0.;
747, 0.;
748, 0.;
749, 0.;
750, 0.;
751, 0.;
752, 0.;
753, 0.;
754, 0.;
755, 0.;
756, 0.;
757, 0.;
758, 0.;
759, 0.;
760, 0.;
761, 0.;
762, 0.;
763, 0.;
764, 0.;
765, 0.;
766, 0.;
767, 0.;
768, 0.;
769, 0.;
770, 0.;
771, 0.;
772, 0.;
773, 0.;
774, 0.;
775, 0.;
776, 0.;
777, 0.;
778, 0.;
779, 0.;
780, 0.;
781, 0.;
782, 0.;
783, 0.;
784, 0.;
785, 0.;
786, 0.;
787, 0.;
788, 0.;
789, 0.;
790, 0.;
791, 0.;
792, 0.;
793, 0.;
794, 0.;
795, 0.;
796, 0.;
797, 0.;
798, 0.;
799, 0.;
800, 0.;
801, 0.;
802, 0.;
803, 0.;
804, 0.;
805, 0.;
806, 0.;
807, 0.;
808, 0.;
809, 0.;
